country_name,os_type,period_type,renewal_k,renewal_rate,period_k_renewed_orders,first_period_paid_orders,n_source_pay_date_rows,renewal_rate_source
其他,android,周,1,0.57703081,412,714,67,真实
其他,android,周,2,0.40620592,288,709,63,真实
其他,android,周,3,0.30268741,214,707,61,真实
其他,android,周,4,0.25354108,179,706,60,真实
其他,android,周,5,0.22079772,155,702,56,真实
其他,android,周,6,0.19982163,,714,,预估
其他,android,周,7,0.18203224,,714,,预估
其他,android,周,8,0.16790771,,714,,预估
其他,android,周,9,0.15636154,,714,,预估
其他,android,周,10,0.14670757,,714,,预估
其他,android,周,11,0.13848900,,714,,预估
其他,android,周,12,0.13138871,,714,,预估
其他,android,周,13,0.12517899,,714,,预估
其他,android,周,14,0.11969165,,714,,预估
其他,android,周,15,0.11479949,,714,,预估
其他,android,周,16,0.11040435,,714,,预估
其他,android,周,17,0.10642914,,714,,预估
其他,android,周,18,0.10281240,,714,,预估
其他,android,周,19,0.09950444,,714,,预估
其他,android,周,20,0.09646463,,714,,预估
其他,android,周,21,0.09365938,,714,,预估
其他,android,周,22,0.09106067,,714,,预估
其他,android,周,23,0.08864489,,714,,预估
其他,android,周,24,0.08639202,,714,,预估
其他,android,周,25,0.08428494,,714,,预估
其他,android,周,26,0.08230894,,714,,预估
其他,android,周,27,0.08045127,,714,,预估
其他,android,周,28,0.07870085,,714,,预估
其他,android,周,29,0.07704797,,714,,预估
其他,android,周,30,0.07548411,,714,,预估
其他,android,周,31,0.07400173,,714,,预估
其他,android,周,32,0.07259417,,714,,预估
其他,android,周,33,0.07125548,,714,,预估
其他,android,周,34,0.06998035,,714,,预估
其他,android,周,35,0.06876403,,714,,预估
其他,android,周,36,0.06760223,,714,,预估
其他,android,周,37,0.06649110,,714,,预估
其他,android,周,38,0.06542715,,714,,预估
其他,android,周,39,0.06440720,,714,,预估
其他,android,周,40,0.06342838,,714,,预估
其他,android,周,41,0.06248807,,714,,预估
其他,android,周,42,0.06158385,,714,,预估
其他,android,周,43,0.06071354,,714,,预估
其他,android,周,44,0.05987512,,714,,预估
其他,android,周,45,0.05906673,,714,,预估
其他,android,周,46,0.05828667,,714,,预估
其他,android,周,47,0.05753336,,714,,预估
其他,android,周,48,0.05680534,,714,,预估
其他,android,周,49,0.05610126,,714,,预估
其他,android,周,50,0.05541987,,714,,预估
其他,android,周,51,0.05476001,,714,,预估
其他,android,周,52,0.05412059,,714,,预估
其他,android,周,53,0.05350061,,714,,预估
其他,android,周,54,0.05289912,,714,,预估
其他,android,周,55,0.05231525,,714,,预估
其他,android,周,56,0.05174817,,714,,预估
其他,android,周,57,0.05119711,,714,,预估
其他,android,周,58,0.05066135,,714,,预估
其他,android,周,59,0.05014021,,714,,预估
其他,android,周,60,0.04963306,,714,,预估
其他,android,周,61,0.04913930,,714,,预估
其他,android,周,62,0.04865836,,714,,预估
其他,android,周,63,0.04818970,,714,,预估
其他,android,周,64,0.04773284,,714,,预估
其他,android,周,65,0.04728729,,714,,预估
其他,android,周,66,0.04685261,,714,,预估
其他,android,周,67,0.04642837,,714,,预估
其他,android,周,68,0.04601418,,714,,预估
其他,android,周,69,0.04560964,,714,,预估
其他,android,周,70,0.04521441,,714,,预估
其他,android,周,71,0.04482813,,714,,预估
其他,android,周,72,0.04445049,,714,,预估
其他,android,周,73,0.04408118,,714,,预估
其他,android,周,74,0.04371989,,714,,预估
其他,android,周,75,0.04336636,,714,,预估
其他,android,周,76,0.04302031,,714,,预估
其他,android,周,77,0.04268149,,714,,预估
其他,android,周,78,0.04234967,,714,,预估
其他,android,周,79,0.04202460,,714,,预估
其他,android,周,80,0.04170606,,714,,预估
其他,android,周,81,0.04139386,,714,,预估
其他,android,周,82,0.04108778,,714,,预估
其他,android,周,83,0.04078763,,714,,预估
其他,android,周,84,0.04049323,,714,,预估
其他,android,周,85,0.04020440,,714,,预估
其他,android,周,86,0.03992097,,714,,预估
其他,android,周,87,0.03964279,,714,,预估
其他,android,周,88,0.03936968,,714,,预估
其他,android,周,89,0.03910152,,714,,预估
其他,android,周,90,0.03883815,,714,,预估
其他,android,周,91,0.03857943,,714,,预估
其他,android,周,92,0.03832523,,714,,预估
其他,android,周,93,0.03807543,,714,,预估
其他,android,周,94,0.03782991,,714,,预估
其他,android,周,95,0.03758854,,714,,预估
其他,android,周,96,0.03735121,,714,,预估
其他,android,周,97,0.03711782,,714,,预估
其他,android,周,98,0.03688826,,714,,预估
其他,android,周,99,0.03666243,,714,,预估
其他,android,周,100,0.03644023,,714,,预估
其他,android,年,1,0.38746155,17886,46162,503,真实
其他,android,年,2,0.23775650,3476,14620,138,真实
其他,android,年,3,0.17867511,,46162,,预估
其他,android,年,4,0.14589358,,46162,,预估
其他,android,年,5,0.12466842,,46162,,预估
其他,android,年,6,0.10963970,,46162,,预估
其他,android,年,7,0.09835564,,46162,,预估
其他,android,年,8,0.08952410,,46162,,预估
其他,android,年,9,0.08239475,,46162,,预估
其他,android,年,10,0.07649979,,46162,,预估
其他,android,年,11,0.07153132,,46162,,预估
其他,android,年,12,0.06727778,,46162,,预估
其他,android,年,13,0.06358861,,46162,,预估
其他,android,年,14,0.06035358,,46162,,预估
其他,android,年,15,0.05748995,,46162,,预估
其他,android,年,16,0.05493432,,46162,,预估
其他,android,年,17,0.05263725,,46162,,预估
其他,android,年,18,0.05055956,,46162,,预估
其他,android,年,19,0.04866977,,46162,,预估
其他,android,年,20,0.04694226,,46162,,预估
其他,android,年,21,0.04535600,,46162,,预估
其他,android,年,22,0.04389348,,46162,,预估
其他,android,年,23,0.04254008,,46162,,预估
其他,android,年,24,0.04128340,,46162,,预估
其他,android,年,25,0.04011292,,46162,,预估
其他,android,年,26,0.03901963,,46162,,预估
其他,android,年,27,0.03799575,,46162,,预估
其他,android,年,28,0.03703453,,46162,,预估
其他,android,年,29,0.03613011,,46162,,预估
其他,android,年,30,0.03527733,,46162,,预估
其他,android,年,31,0.03447167,,46162,,预估
其他,android,年,32,0.03370913,,46162,,预估
其他,android,年,33,0.03298616,,46162,,预估
其他,android,年,34,0.03229959,,46162,,预估
其他,android,年,35,0.03164660,,46162,,预估
其他,android,年,36,0.03102466,,46162,,预估
其他,android,年,37,0.03043149,,46162,,预估
其他,android,年,38,0.02986504,,46162,,预估
其他,android,年,39,0.02932343,,46162,,预估
其他,android,年,40,0.02880500,,46162,,预估
其他,android,年,41,0.02830819,,46162,,预估
其他,android,年,42,0.02783162,,46162,,预估
其他,android,年,43,0.02737401,,46162,,预估
其他,android,年,44,0.02693419,,46162,,预估
其他,android,年,45,0.02651108,,46162,,预估
其他,android,年,46,0.02610370,,46162,,预估
其他,android,年,47,0.02571114,,46162,,预估
其他,android,年,48,0.02533257,,46162,,预估
其他,android,年,49,0.02496720,,46162,,预估
其他,android,年,50,0.02461433,,46162,,预估
其他,android,年,51,0.02427329,,46162,,预估
其他,android,年,52,0.02394346,,46162,,预估
其他,android,年,53,0.02362427,,46162,,预估
其他,android,年,54,0.02331518,,46162,,预估
其他,android,年,55,0.02301570,,46162,,预估
其他,android,年,56,0.02272535,,46162,,预估
其他,android,年,57,0.02244371,,46162,,预估
其他,android,年,58,0.02217037,,46162,,预估
其他,android,年,59,0.02190495,,46162,,预估
其他,android,年,60,0.02164709,,46162,,预估
其他,android,年,61,0.02139645,,46162,,预估
其他,android,年,62,0.02115272,,46162,,预估
其他,android,年,63,0.02091559,,46162,,预估
其他,android,年,64,0.02068480,,46162,,预估
其他,android,年,65,0.02046007,,46162,,预估
其他,android,年,66,0.02024117,,46162,,预估
其他,android,年,67,0.02002784,,46162,,预估
其他,android,年,68,0.01981987,,46162,,预估
其他,android,年,69,0.01961705,,46162,,预估
其他,android,年,70,0.01941918,,46162,,预估
其他,android,年,71,0.01922607,,46162,,预估
其他,android,年,72,0.01903754,,46162,,预估
其他,android,年,73,0.01885343,,46162,,预估
其他,android,年,74,0.01867356,,46162,,预估
其他,android,年,75,0.01849779,,46162,,预估
其他,android,年,76,0.01832596,,46162,,预估
其他,android,年,77,0.01815795,,46162,,预估
其他,android,年,78,0.01799362,,46162,,预估
其他,android,年,79,0.01783284,,46162,,预估
其他,android,年,80,0.01767550,,46162,,预估
其他,android,年,81,0.01752147,,46162,,预估
其他,android,年,82,0.01737064,,46162,,预估
其他,android,年,83,0.01722292,,46162,,预估
其他,android,年,84,0.01707821,,46162,,预估
其他,android,年,85,0.01693640,,46162,,预估
其他,android,年,86,0.01679741,,46162,,预估
其他,android,年,87,0.01666114,,46162,,预估
其他,android,年,88,0.01652752,,46162,,预估
其他,android,年,89,0.01639646,,46162,,预估
其他,android,年,90,0.01626789,,46162,,预估
其他,android,年,91,0.01614173,,46162,,预估
其他,android,年,92,0.01601791,,46162,,预估
其他,android,年,93,0.01589636,,46162,,预估
其他,android,年,94,0.01577703,,46162,,预估
其他,android,年,95,0.01565983,,46162,,预估
其他,android,年,96,0.01554472,,46162,,预估
其他,android,年,97,0.01543164,,46162,,预估
其他,android,年,98,0.01532053,,46162,,预估
其他,android,年,99,0.01521133,,46162,,预估
其他,android,年,100,0.01510400,,46162,,预估
其他,android,月,1,0.55872956,56311,100784,837,真实
其他,android,月,2,0.39394926,38739,98335,806,真实
其他,android,月,3,0.31357845,30149,96145,778,真实
其他,android,月,4,0.26284518,24729,94082,747,真实
其他,android,月,5,0.22607595,20539,90850,716,真实
其他,android,月,6,0.19854436,17486,88071,686,真实
其他,android,月,7,0.17690342,15026,84939,655,真实
其他,android,月,8,0.15899044,12983,81659,625,真实
其他,android,月,9,0.14384474,11236,78112,594,真实
其他,android,月,10,0.13153899,9789,74419,564,真实
其他,android,月,11,0.12138581,8598,70832,534,真实
其他,android,月,12,0.11229563,7521,66975,503,真实
其他,android,月,13,0.10459485,6631,63397,473,真实
其他,android,月,14,0.09809815,5875,59889,442,真实
其他,android,月,15,0.09248912,5247,56731,414,真实
其他,android,月,16,0.08722730,4650,53309,383,真实
其他,android,月,17,0.08257603,4089,49518,352,真实
其他,android,月,18,0.07784962,3600,46243,322,真实
其他,android,月,19,0.07401358,3172,42857,291,真实
其他,android,月,20,0.06987617,2765,39570,261,真实
其他,android,月,21,0.06597232,2369,35909,230,真实
其他,android,月,22,0.06160915,1971,31992,199,真实
其他,android,月,23,0.05774979,1623,28104,169,真实
其他,android,月,24,0.05424149,1314,24225,138,真实
其他,android,月,25,0.05015489,1020,20337,108,真实
其他,android,月,26,0.05858673,,100784,,预估
其他,android,月,27,0.05691295,,100784,,预估
其他,android,月,28,0.05534531,,100784,,预估
其他,android,月,29,0.05387363,,100784,,预估
其他,android,月,30,0.05248902,,100784,,预估
其他,android,月,31,0.05118368,,100784,,预估
其他,android,月,32,0.04995073,,100784,,预估
其他,android,月,33,0.04878407,,100784,,预估
其他,android,月,34,0.04767829,,100784,,预估
其他,android,月,35,0.04662856,,100784,,预估
其他,android,月,36,0.04563055,,100784,,预估
其他,android,月,37,0.04468038,,100784,,预估
其他,android,月,38,0.04377456,,100784,,预估
其他,android,月,39,0.04290992,,100784,,预估
其他,android,月,40,0.04208362,,100784,,预估
其他,android,月,41,0.04129304,,100784,,预估
其他,android,月,42,0.04053585,,100784,,预估
其他,android,月,43,0.03980987,,100784,,预估
其他,android,月,44,0.03911314,,100784,,预估
其他,android,月,45,0.03844385,,100784,,预估
其他,android,月,46,0.03780036,,100784,,预估
其他,android,月,47,0.03718113,,100784,,预估
其他,android,月,48,0.03658477,,100784,,预估
其他,android,月,49,0.03600997,,100784,,预估
其他,android,月,50,0.03545555,,100784,,预估
其他,android,月,51,0.03492040,,100784,,预估
其他,android,月,52,0.03440348,,100784,,预估
其他,android,月,53,0.03390384,,100784,,预估
其他,android,月,54,0.03342059,,100784,,预估
其他,android,月,55,0.03295292,,100784,,预估
其他,android,月,56,0.03250004,,100784,,预估
其他,android,月,57,0.03206123,,100784,,预估
其他,android,月,58,0.03163583,,100784,,预估
其他,android,月,59,0.03122320,,100784,,预估
其他,android,月,60,0.03082276,,100784,,预估
其他,android,月,61,0.03043394,,100784,,预估
其他,android,月,62,0.03005623,,100784,,预估
其他,android,月,63,0.02968915,,100784,,预估
其他,android,月,64,0.02933222,,100784,,预估
其他,android,月,65,0.02898501,,100784,,预估
其他,android,月,66,0.02864713,,100784,,预估
其他,android,月,67,0.02831818,,100784,,预估
其他,android,月,68,0.02799779,,100784,,预估
其他,android,月,69,0.02768563,,100784,,预估
其他,android,月,70,0.02738136,,100784,,预估
其他,android,月,71,0.02708469,,100784,,预估
其他,android,月,72,0.02679531,,100784,,预估
其他,android,月,73,0.02651295,,100784,,预估
其他,android,月,74,0.02623735,,100784,,预估
其他,android,月,75,0.02596825,,100784,,预估
其他,android,月,76,0.02570543,,100784,,预估
其他,android,月,77,0.02544864,,100784,,预估
其他,android,月,78,0.02519769,,100784,,预估
其他,android,月,79,0.02495236,,100784,,预估
其他,android,月,80,0.02471247,,100784,,预估
其他,android,月,81,0.02447781,,100784,,预估
其他,android,月,82,0.02424823,,100784,,预估
其他,android,月,83,0.02402354,,100784,,预估
其他,android,月,84,0.02380358,,100784,,预估
其他,android,月,85,0.02358821,,100784,,预估
其他,android,月,86,0.02337727,,100784,,预估
其他,android,月,87,0.02317062,,100784,,预估
其他,android,月,88,0.02296813,,100784,,预估
其他,android,月,89,0.02276967,,100784,,预估
其他,android,月,90,0.02257511,,100784,,预估
其他,android,月,91,0.02238434,,100784,,预估
其他,android,月,92,0.02219724,,100784,,预估
其他,android,月,93,0.02201370,,100784,,预估
其他,android,月,94,0.02183361,,100784,,预估
其他,android,月,95,0.02165689,,100784,,预估
其他,android,月,96,0.02148342,,100784,,预估
其他,android,月,97,0.02131311,,100784,,预估
其他,android,月,98,0.02114588,,100784,,预估
其他,android,月,99,0.02098165,,100784,,预估
其他,android,月,100,0.02082032,,100784,,预估
其他,ios,周,1,0.50022232,2250,4498,122,真实
其他,ios,周,2,0.34858588,1516,4349,115,真实
其他,ios,周,3,0.27768516,1166,4199,108,真实
其他,ios,周,4,0.23029858,941,4086,101,真实
其他,ios,周,5,0.19713712,785,3982,94,真实
其他,ios,周,6,0.18216259,,4498,,预估
其他,ios,周,7,0.16673768,,4498,,预估
其他,ios,周,8,0.15443585,,4498,,预估
其他,ios,周,9,0.14434047,,4498,,预估
其他,ios,周,10,0.13587036,,4498,,预估
其他,ios,周,11,0.12863720,,4498,,预估
其他,ios,周,12,0.12237059,,4498,,预估
其他,ios,周,13,0.11687582,,4498,,预估
其他,ios,周,14,0.11200867,,4498,,预估
其他,ios,周,15,0.10765982,,4498,,预估
其他,ios,周,16,0.10374472,,4498,,预估
其他,ios,周,17,0.10019683,,4498,,预估
其他,ios,周,18,0.09696299,,4498,,预估
其他,ios,周,19,0.09400016,,4498,,预估
其他,ios,周,20,0.09127306,,4498,,预估
其他,ios,周,21,0.08875250,,4498,,预估
其他,ios,周,22,0.08641407,,4498,,预估
其他,ios,周,23,0.08423719,,4498,,预估
其他,ios,周,24,0.08220438,,4498,,预估
其他,ios,周,25,0.08030067,,4498,,预估
其他,ios,周,26,0.07851318,,4498,,预估
其他,ios,周,27,0.07683073,,4498,,预估
其他,ios,周,28,0.07524359,,4498,,预估
其他,ios,周,29,0.07374324,,4498,,预估
其他,ios,周,30,0.07232219,,4498,,预估
其他,ios,周,31,0.07097378,,4498,,预估
其他,ios,周,32,0.06969216,,4498,,预估
其他,ios,周,33,0.06847206,,4498,,预估
其他,ios,周,34,0.06730881,,4498,,预估
其他,ios,周,35,0.06619819,,4498,,预估
其他,ios,周,36,0.06513642,,4498,,预估
其他,ios,周,37,0.06412009,,4498,,预估
其他,ios,周,38,0.06314609,,4498,,预估
其他,ios,周,39,0.06221162,,4498,,预估
其他,ios,周,40,0.06131412,,4498,,预估
其他,ios,周,41,0.06045125,,4498,,预估
其他,ios,周,42,0.05962089,,4498,,预估
其他,ios,周,43,0.05882108,,4498,,预估
其他,ios,周,44,0.05805001,,4498,,预估
其他,ios,周,45,0.05730605,,4498,,预估
其他,ios,周,46,0.05658766,,4498,,预估
其他,ios,周,47,0.05589344,,4498,,预估
其他,ios,周,48,0.05522209,,4498,,预估
其他,ios,周,49,0.05457240,,4498,,预估
其他,ios,周,50,0.05394324,,4498,,预估
其他,ios,周,51,0.05333359,,4498,,预估
其他,ios,周,52,0.05274247,,4498,,预估
其他,ios,周,53,0.05216897,,4498,,预估
其他,ios,周,54,0.05161226,,4498,,预估
其他,ios,周,55,0.05107154,,4498,,预估
其他,ios,周,56,0.05054607,,4498,,预估
其他,ios,周,57,0.05003517,,4498,,预估
其他,ios,周,58,0.04953819,,4498,,预估
其他,ios,周,59,0.04905451,,4498,,预估
其他,ios,周,60,0.04858357,,4498,,预估
其他,ios,周,61,0.04812482,,4498,,预估
其他,ios,周,62,0.04767776,,4498,,预估
其他,ios,周,63,0.04724191,,4498,,预估
其他,ios,周,64,0.04681681,,4498,,预估
其他,ios,周,65,0.04640204,,4498,,预估
其他,ios,周,66,0.04599719,,4498,,预估
其他,ios,周,67,0.04560188,,4498,,预估
其他,ios,周,68,0.04521575,,4498,,预估
其他,ios,周,69,0.04483846,,4498,,预估
其他,ios,周,70,0.04446968,,4498,,预估
其他,ios,周,71,0.04410910,,4498,,预估
其他,ios,周,72,0.04375642,,4498,,预估
其他,ios,周,73,0.04341137,,4498,,预估
其他,ios,周,74,0.04307368,,4498,,预估
其他,ios,周,75,0.04274310,,4498,,预估
其他,ios,周,76,0.04241938,,4498,,预估
其他,ios,周,77,0.04210230,,4498,,预估
其他,ios,周,78,0.04179164,,4498,,预估
其他,ios,周,79,0.04148718,,4498,,预估
其他,ios,周,80,0.04118873,,4498,,预估
其他,ios,周,81,0.04089609,,4498,,预估
其他,ios,周,82,0.04060908,,4498,,预估
其他,ios,周,83,0.04032754,,4498,,预估
其他,ios,周,84,0.04005128,,4498,,预估
其他,ios,周,85,0.03978014,,4498,,预估
其他,ios,周,86,0.03951399,,4498,,预估
其他,ios,周,87,0.03925266,,4498,,预估
其他,ios,周,88,0.03899601,,4498,,预估
其他,ios,周,89,0.03874392,,4498,,预估
其他,ios,周,90,0.03849624,,4498,,预估
其他,ios,周,91,0.03825286,,4498,,预估
其他,ios,周,92,0.03801366,,4498,,预估
其他,ios,周,93,0.03777851,,4498,,预估
其他,ios,周,94,0.03754730,,4498,,预估
其他,ios,周,95,0.03731994,,4498,,预估
其他,ios,周,96,0.03709631,,4498,,预估
其他,ios,周,97,0.03687632,,4498,,预估
其他,ios,周,98,0.03665987,,4498,,预估
其他,ios,周,99,0.03644687,,4498,,预估
其他,ios,周,100,0.03623723,,4498,,预估
其他,ios,年,1,0.32826419,50705,154464,503,真实
其他,ios,年,2,0.17459400,7246,41502,138,真实
其他,ios,年,3,0.12068019,,154464,,预估
其他,ios,年,4,0.09286138,,154464,,预估
其他,ios,年,5,0.07578169,,154464,,预估
其他,ios,年,6,0.06418622,,154464,,预估
其他,ios,年,7,0.05577802,,154464,,预估
其他,ios,年,8,0.04939022,,154464,,预估
其他,ios,年,9,0.04436582,,154464,,预估
其他,ios,年,10,0.04030604,,154464,,预估
其他,ios,年,11,0.03695451,,154464,,预估
其他,ios,年,12,0.03413875,,154464,,预估
其他,ios,年,13,0.03173836,,154464,,预估
其他,ios,年,14,0.02966668,,154464,,预估
其他,ios,年,15,0.02785972,,154464,,预估
其他,ios,年,16,0.02626919,,154464,,预估
其他,ios,年,17,0.02485793,,154464,,预估
其他,ios,年,18,0.02359686,,154464,,预估
其他,ios,年,19,0.02246293,,154464,,预估
其他,ios,年,20,0.02143759,,154464,,预估
其他,ios,年,21,0.02050575,,154464,,预估
其他,ios,年,22,0.01965501,,154464,,预估
其他,ios,年,23,0.01887509,,154464,,预估
其他,ios,年,24,0.01815739,,154464,,预估
其他,ios,年,25,0.01749464,,154464,,预估
其他,ios,年,26,0.01688069,,154464,,预估
其他,ios,年,27,0.01631026,,154464,,预估
其他,ios,年,28,0.01577883,,154464,,预估
其他,ios,年,29,0.01528246,,154464,,预估
其他,ios,年,30,0.01481776,,154464,,预估
其他,ios,年,31,0.01438175,,154464,,预估
其他,ios,年,32,0.01397181,,154464,,预估
其他,ios,年,33,0.01358563,,154464,,预估
其他,ios,年,34,0.01322120,,154464,,预估
其他,ios,年,35,0.01287668,,154464,,预估
其他,ios,年,36,0.01255047,,154464,,预估
其他,ios,年,37,0.01224113,,154464,,预估
其他,ios,年,38,0.01194737,,154464,,预估
其他,ios,年,39,0.01166801,,154464,,预估
其他,ios,年,40,0.01140202,,154464,,预估
其他,ios,年,41,0.01114843,,154464,,预估
其他,ios,年,42,0.01090640,,154464,,预估
其他,ios,年,43,0.01067513,,154464,,预估
其他,ios,年,44,0.01045392,,154464,,预估
其他,ios,年,45,0.01024211,,154464,,预估
其他,ios,年,46,0.01003910,,154464,,预估
其他,ios,年,47,0.00984436,,154464,,预估
其他,ios,年,48,0.00965738,,154464,,预估
其他,ios,年,49,0.00947769,,154464,,预估
其他,ios,年,50,0.00930488,,154464,,预估
其他,ios,年,51,0.00913855,,154464,,预估
其他,ios,年,52,0.00897834,,154464,,预估
其他,ios,年,53,0.00882391,,154464,,预估
其他,ios,年,54,0.00867495,,154464,,预估
其他,ios,年,55,0.00853116,,154464,,预估
其他,ios,年,56,0.00839229,,154464,,预估
其他,ios,年,57,0.00825808,,154464,,预估
其他,ios,年,58,0.00812829,,154464,,预估
其他,ios,年,59,0.00800271,,154464,,预估
其他,ios,年,60,0.00788113,,154464,,预估
其他,ios,年,61,0.00776336,,154464,,预估
其他,ios,年,62,0.00764923,,154464,,预估
其他,ios,年,63,0.00753855,,154464,,预估
其他,ios,年,64,0.00743119,,154464,,预估
其他,ios,年,65,0.00732698,,154464,,预估
其他,ios,年,66,0.00722580,,154464,,预估
其他,ios,年,67,0.00712750,,154464,,预估
其他,ios,年,68,0.00703196,,154464,,预估
其他,ios,年,69,0.00693907,,154464,,预估
其他,ios,年,70,0.00684872,,154464,,预估
其他,ios,年,71,0.00676081,,154464,,预估
其他,ios,年,72,0.00667522,,154464,,预估
其他,ios,年,73,0.00659188,,154464,,预估
其他,ios,年,74,0.00651070,,154464,,预估
其他,ios,年,75,0.00643158,,154464,,预估
其他,ios,年,76,0.00635445,,154464,,预估
其他,ios,年,77,0.00627924,,154464,,预估
其他,ios,年,78,0.00620587,,154464,,预估
其他,ios,年,79,0.00613428,,154464,,预估
其他,ios,年,80,0.00606440,,154464,,预估
其他,ios,年,81,0.00599616,,154464,,预估
其他,ios,年,82,0.00592952,,154464,,预估
其他,ios,年,83,0.00586442,,154464,,预估
其他,ios,年,84,0.00580079,,154464,,预估
其他,ios,年,85,0.00573860,,154464,,预估
其他,ios,年,86,0.00567779,,154464,,预估
其他,ios,年,87,0.00561831,,154464,,预估
其他,ios,年,88,0.00556013,,154464,,预估
其他,ios,年,89,0.00550320,,154464,,预估
其他,ios,年,90,0.00544747,,154464,,预估
其他,ios,年,91,0.00539292,,154464,,预估
其他,ios,年,92,0.00533950,,154464,,预估
其他,ios,年,93,0.00528718,,154464,,预估
其他,ios,年,94,0.00523592,,154464,,预估
其他,ios,年,95,0.00518570,,154464,,预估
其他,ios,年,96,0.00513647,,154464,,预估
其他,ios,年,97,0.00508822,,154464,,预估
其他,ios,年,98,0.00504090,,154464,,预估
其他,ios,年,99,0.00499450,,154464,,预估
其他,ios,年,100,0.00494899,,154464,,预估
其他,ios,月,1,0.51119555,70363,137644,838,真实
其他,ios,月,2,0.36588111,47787,130608,807,真实
其他,ios,月,3,0.29157497,35906,123145,779,真实
其他,ios,月,4,0.24403553,28487,116733,748,真实
其他,ios,月,5,0.21011013,23143,110147,717,真实
其他,ios,月,6,0.18318284,19171,104655,687,真实
其他,ios,月,7,0.16239875,16140,99385,656,真实
其他,ios,月,8,0.14560696,13722,94240,626,真实
其他,ios,月,9,0.13202279,11679,88462,595,真实
其他,ios,月,10,0.12140707,9964,82071,564,真实
其他,ios,月,11,0.11182658,8527,76252,534,真实
其他,ios,月,12,0.10301781,7295,70813,503,真实
其他,ios,月,13,0.09445415,6271,66392,473,真实
其他,ios,月,14,0.08809809,5439,61738,442,真实
其他,ios,月,15,0.08224620,4741,57644,414,真实
其他,ios,月,16,0.07586723,4057,53475,383,真实
其他,ios,月,17,0.06929356,3438,49615,352,真实
其他,ios,月,18,0.06374563,2933,46011,322,真实
其他,ios,月,19,0.05937136,2499,42091,291,真实
其他,ios,月,20,0.05572396,2114,37937,261,真实
其他,ios,月,21,0.05087608,1687,33159,230,真实
其他,ios,月,22,0.04692911,1328,28298,199,真实
其他,ios,月,23,0.04335964,1033,23824,169,真实
其他,ios,月,24,0.05326299,,137644,,预估
其他,ios,月,25,0.05153562,,137644,,预估
其他,ios,月,26,0.04992880,,137644,,预估
其他,ios,月,27,0.04842995,,137644,,预估
其他,ios,月,28,0.04702820,,137644,,预估
其他,ios,月,29,0.04571411,,137644,,预估
其他,ios,月,30,0.04447947,,137644,,预估
其他,ios,月,31,0.04331704,,137644,,预估
其他,ios,月,32,0.04222048,,137644,,预估
其他,ios,月,33,0.04118417,,137644,,预估
其他,ios,月,34,0.04020310,,137644,,预估
其他,ios,月,35,0.03927285,,137644,,预估
其他,ios,月,36,0.03838943,,137644,,预估
其他,ios,月,37,0.03754929,,137644,,预估
其他,ios,月,38,0.03674921,,137644,,预估
其他,ios,月,39,0.03598631,,137644,,预估
其他,ios,月,40,0.03525797,,137644,,预估
其他,ios,月,41,0.03456181,,137644,,预估
其他,ios,月,42,0.03389569,,137644,,预估
其他,ios,月,43,0.03325763,,137644,,预估
其他,ios,月,44,0.03264585,,137644,,预估
其他,ios,月,45,0.03205869,,137644,,预估
其他,ios,月,46,0.03149465,,137644,,预估
其他,ios,月,47,0.03095235,,137644,,预估
其他,ios,月,48,0.03043052,,137644,,预估
其他,ios,月,49,0.02992797,,137644,,预估
其他,ios,月,50,0.02944363,,137644,,预估
其他,ios,月,51,0.02897649,,137644,,预估
其他,ios,月,52,0.02852561,,137644,,预估
其他,ios,月,53,0.02809014,,137644,,预估
其他,ios,月,54,0.02766928,,137644,,预估
其他,ios,月,55,0.02726227,,137644,,预估
其他,ios,月,56,0.02686842,,137644,,预估
其他,ios,月,57,0.02648709,,137644,,预估
其他,ios,月,58,0.02611765,,137644,,预估
其他,ios,月,59,0.02575956,,137644,,预估
其他,ios,月,60,0.02541227,,137644,,预估
其他,ios,月,61,0.02507529,,137644,,预估
其他,ios,月,62,0.02474814,,137644,,预估
其他,ios,月,63,0.02443040,,137644,,预估
其他,ios,月,64,0.02412165,,137644,,预估
其他,ios,月,65,0.02382150,,137644,,预估
其他,ios,月,66,0.02352958,,137644,,预估
其他,ios,月,67,0.02324554,,137644,,预估
其他,ios,月,68,0.02296907,,137644,,预估
其他,ios,月,69,0.02269985,,137644,,预估
其他,ios,月,70,0.02243759,,137644,,预估
其他,ios,月,71,0.02218202,,137644,,预估
其他,ios,月,72,0.02193287,,137644,,预估
其他,ios,月,73,0.02168990,,137644,,预估
其他,ios,月,74,0.02145288,,137644,,预估
其他,ios,月,75,0.02122157,,137644,,预估
其他,ios,月,76,0.02099577,,137644,,预估
其他,ios,月,77,0.02077528,,137644,,预估
其他,ios,月,78,0.02055991,,137644,,预估
其他,ios,月,79,0.02034947,,137644,,预估
其他,ios,月,80,0.02014379,,137644,,预估
其他,ios,月,81,0.01994270,,137644,,预估
其他,ios,月,82,0.01974606,,137644,,预估
其他,ios,月,83,0.01955370,,137644,,预估
其他,ios,月,84,0.01936548,,137644,,预估
其他,ios,月,85,0.01918128,,137644,,预估
其他,ios,月,86,0.01900094,,137644,,预估
其他,ios,月,87,0.01882436,,137644,,预估
其他,ios,月,88,0.01865141,,137644,,预估
其他,ios,月,89,0.01848198,,137644,,预估
其他,ios,月,90,0.01831596,,137644,,预估
其他,ios,月,91,0.01815323,,137644,,预估
其他,ios,月,92,0.01799371,,137644,,预估
其他,ios,月,93,0.01783729,,137644,,预估
其他,ios,月,94,0.01768388,,137644,,预估
其他,ios,月,95,0.01753339,,137644,,预估
其他,ios,月,96,0.01738574,,137644,,预估
其他,ios,月,97,0.01724084,,137644,,预估
其他,ios,月,98,0.01709862,,137644,,预估
其他,ios,月,99,0.01695900,,137644,,预估
其他,ios,月,100,0.01682191,,137644,,预估
加拿大,android,周,1,0.47500000,19,40,25,真实
加拿大,android,周,2,0.38461538,15,39,24,真实
加拿大,android,周,3,0.35897436,14,39,24,真实
加拿大,android,周,4,0.25641026,10,39,24,真实
加拿大,android,周,5,0.16216216,6,37,22,真实
加拿大,android,周,6,0.18808475,,40,,预估
加拿大,android,周,7,0.17180552,,40,,预估
加拿大,android,周,8,0.15884722,,40,,预估
加拿大,android,周,9,0.14823092,,40,,预估
加拿大,android,周,10,0.13933697,,40,,预估
加拿大,android,周,11,0.13175203,,40,,预估
加拿大,android,周,12,0.12518862,,40,,预估
加拿大,android,周,13,0.11944000,,40,,预估
加拿大,android,周,14,0.11435322,,40,,预估
加拿大,android,周,15,0.10981246,,40,,预估
加拿大,android,周,16,0.10572822,,40,,预估
加拿大,android,周,17,0.10203014,,40,,预估
加拿大,android,周,18,0.09866204,,40,,预估
加拿大,android,周,19,0.09557848,,40,,预估
加拿大,android,周,20,0.09274226,,40,,预估
加拿大,android,周,21,0.09012258,,40,,预估
加拿大,android,周,22,0.08769374,,40,,预估
加拿大,android,周,23,0.08543406,,40,,预估
加拿大,android,周,24,0.08332516,,40,,预估
加拿大,android,周,25,0.08135128,,40,,预估
加拿大,android,周,26,0.07949889,,40,,预估
加拿大,android,周,27,0.07775625,,40,,预估
加拿大,android,周,28,0.07611314,,40,,预估
加拿大,android,周,29,0.07456063,,40,,预估
加拿大,android,周,30,0.07309083,,40,,预估
加拿大,android,周,31,0.07169680,,40,,预估
加拿大,android,周,32,0.07037237,,40,,预估
加拿大,android,周,33,0.06911206,,40,,预估
加拿大,android,周,34,0.06791094,,40,,预估
加拿大,android,周,35,0.06676462,,40,,预估
加拿大,android,周,36,0.06566915,,40,,预估
加拿大,android,周,37,0.06462093,,40,,预估
加拿大,android,周,38,0.06361674,,40,,预估
加拿大,android,周,39,0.06265364,,40,,预估
加拿大,android,周,40,0.06172896,,40,,预估
加拿大,android,周,41,0.06084026,,40,,预估
加拿大,android,周,42,0.05998531,,40,,预估
加拿大,android,周,43,0.05916207,,40,,预估
加拿大,android,周,44,0.05836868,,40,,预估
加拿大,android,周,45,0.05760340,,40,,预估
加拿大,android,周,46,0.05686465,,40,,预估
加拿大,android,周,47,0.05615095,,40,,预估
加拿大,android,周,48,0.05546096,,40,,预估
加拿大,android,周,49,0.05479342,,40,,预估
加拿大,android,周,50,0.05414716,,40,,预估
加拿大,android,周,51,0.05352109,,40,,预估
加拿大,android,周,52,0.05291421,,40,,预估
加拿大,android,周,53,0.05232558,,40,,预估
加拿大,android,周,54,0.05175432,,40,,预估
加拿大,android,周,55,0.05119960,,40,,预估
加拿大,android,周,56,0.05066067,,40,,预估
加拿大,android,周,57,0.05013680,,40,,预估
加拿大,android,周,58,0.04962732,,40,,预估
加拿大,android,周,59,0.04913159,,40,,预估
加拿大,android,周,60,0.04864903,,40,,预估
加拿大,android,周,61,0.04817906,,40,,预估
加拿大,android,周,62,0.04772117,,40,,预估
加拿大,android,周,63,0.04727485,,40,,预估
加拿大,android,周,64,0.04683963,,40,,预估
加拿大,android,周,65,0.04641508,,40,,预估
加拿大,android,周,66,0.04600077,,40,,预估
加拿大,android,周,67,0.04559630,,40,,预估
加拿大,android,周,68,0.04520131,,40,,预估
加拿大,android,周,69,0.04481543,,40,,预估
加拿大,android,周,70,0.04443833,,40,,预估
加拿大,android,周,71,0.04406968,,40,,预估
加拿大,android,周,72,0.04370918,,40,,预估
加拿大,android,周,73,0.04335654,,40,,预估
加拿大,android,周,74,0.04301149,,40,,预估
加拿大,android,周,75,0.04267376,,40,,预估
加拿大,android,周,76,0.04234310,,40,,预估
加拿大,android,周,77,0.04201928,,40,,预估
加拿大,android,周,78,0.04170207,,40,,预估
加拿大,android,周,79,0.04139124,,40,,预估
加拿大,android,周,80,0.04108660,,40,,预估
加拿大,android,周,81,0.04078794,,40,,预估
加拿大,android,周,82,0.04049508,,40,,预估
加拿大,android,周,83,0.04020784,,40,,预估
加拿大,android,周,84,0.03992603,,40,,预估
加拿大,android,周,85,0.03964951,,40,,预估
加拿大,android,周,86,0.03937809,,40,,预估
加拿大,android,周,87,0.03911164,,40,,预估
加拿大,android,周,88,0.03885001,,40,,预估
加拿大,android,周,89,0.03859306,,40,,预估
加拿大,android,周,90,0.03834064,,40,,预估
加拿大,android,周,91,0.03809264,,40,,预估
加拿大,android,周,92,0.03784893,,40,,预估
加拿大,android,周,93,0.03760939,,40,,预估
加拿大,android,周,94,0.03737390,,40,,预估
加拿大,android,周,95,0.03714235,,40,,预估
加拿大,android,周,96,0.03691465,,40,,预估
加拿大,android,周,97,0.03669067,,40,,预估
加拿大,android,周,98,0.03647033,,40,,预估
加拿大,android,周,99,0.03625353,,40,,预估
加拿大,android,周,100,0.03604018,,40,,预估
加拿大,android,年,1,0.42543860,1649,3876,503,真实
加拿大,android,年,2,0.26552053,278,1047,138,真实
加拿大,android,年,3,0.20152716,,3876,,预估
加拿大,android,年,4,0.16571405,,3876,,预估
加拿大,android,年,5,0.14237973,,3876,,预估
加拿大,android,年,6,0.12577514,,3876,,预估
加拿大,android,年,7,0.11325632,,3876,,预估
加拿大,android,年,8,0.10342381,,3876,,预估
加拿大,android,年,9,0.09546195,,3876,,预估
加拿大,android,年,10,0.08886063,,3876,,预估
加拿大,android,年,11,0.08328314,,3876,,预估
加拿大,android,年,12,0.07849754,,3876,,预估
加拿大,android,年,13,0.07433843,,3876,,预估
加拿大,android,年,14,0.07068442,,3876,,预估
加拿大,android,年,15,0.06744424,,3876,,预估
加拿大,android,年,16,0.06454785,,3876,,预估
加拿大,android,年,17,0.06194050,,3876,,预估
加拿大,android,年,18,0.05957877,,3876,,预估
加拿大,android,年,19,0.05742769,,3876,,预估
加拿大,android,年,20,0.05545882,,3876,,预估
加拿大,android,年,21,0.05364869,,3876,,预估
加拿大,android,年,22,0.05197785,,3876,,预估
加拿大,android,年,23,0.05042992,,3876,,预估
加拿大,android,年,24,0.04899111,,3876,,预估
加拿大,android,年,25,0.04764962,,3876,,预估
加拿大,android,年,26,0.04639536,,3876,,预估
加拿大,android,年,27,0.04521963,,3876,,预估
加拿大,android,年,28,0.04411486,,3876,,预估
加拿大,android,年,29,0.04307445,,3876,,预估
加拿大,android,年,30,0.04209263,,3876,,预估
加拿大,android,年,31,0.04116430,,3876,,预估
加拿大,android,年,32,0.04028496,,3876,,预估
加拿大,android,年,33,0.03945061,,3876,,预估
加拿大,android,年,34,0.03865769,,3876,,预估
加拿大,android,年,35,0.03790301,,3876,,预估
加拿大,android,年,36,0.03718371,,3876,,预估
加拿大,android,年,37,0.03649722,,3876,,预估
加拿大,android,年,38,0.03584120,,3876,,预估
加拿大,android,年,39,0.03521357,,3876,,预估
加拿大,android,年,40,0.03461241,,3876,,预估
加拿大,android,年,41,0.03403598,,3876,,预估
加拿大,android,年,42,0.03348269,,3876,,预估
加拿大,android,年,43,0.03295111,,3876,,预估
加拿大,android,年,44,0.03243990,,3876,,预估
加拿大,android,年,45,0.03194784,,3876,,预估
加拿大,android,年,46,0.03147383,,3876,,预估
加拿大,android,年,47,0.03101681,,3876,,预估
加拿大,android,年,48,0.03057584,,3876,,预估
加拿大,android,年,49,0.03015005,,3876,,预估
加拿大,android,年,50,0.02973861,,3876,,预估
加拿大,android,年,51,0.02934076,,3876,,预估
加拿大,android,年,52,0.02895581,,3876,,预估
加拿大,android,年,53,0.02858311,,3876,,预估
加拿大,android,年,54,0.02822203,,3876,,预估
加拿大,android,年,55,0.02787201,,3876,,预估
加拿大,android,年,56,0.02753253,,3876,,预估
加拿大,android,年,57,0.02720308,,3876,,预估
加拿大,android,年,58,0.02688320,,3876,,预估
加拿大,android,年,59,0.02657246,,3876,,预估
加拿大,android,年,60,0.02627044,,3876,,预估
加拿大,android,年,61,0.02597676,,3876,,预估
加拿大,android,年,62,0.02569106,,3876,,预估
加拿大,android,年,63,0.02541300,,3876,,预估
加拿大,android,年,64,0.02514225,,3876,,预估
加拿大,android,年,65,0.02487852,,3876,,预估
加拿大,android,年,66,0.02462153,,3876,,预估
加拿大,android,年,67,0.02437099,,3876,,预估
加拿大,android,年,68,0.02412666,,3876,,预估
加拿大,android,年,69,0.02388829,,3876,,预估
加拿大,android,年,70,0.02365565,,3876,,预估
加拿大,android,年,71,0.02342854,,3876,,预估
加拿大,android,年,72,0.02320673,,3876,,预估
加拿大,android,年,73,0.02299004,,3876,,预估
加拿大,android,年,74,0.02277828,,3876,,预估
加拿大,android,年,75,0.02257128,,3876,,预估
加拿大,android,年,76,0.02236886,,3876,,预估
加拿大,android,年,77,0.02217086,,3876,,预估
加拿大,android,年,78,0.02197715,,3876,,预估
加拿大,android,年,79,0.02178755,,3876,,预估
加拿大,android,年,80,0.02160195,,3876,,预估
加拿大,android,年,81,0.02142021,,3876,,预估
加拿大,android,年,82,0.02124220,,3876,,预估
加拿大,android,年,83,0.02106779,,3876,,预估
加拿大,android,年,84,0.02089689,,3876,,预估
加拿大,android,年,85,0.02072936,,3876,,预估
加拿大,android,年,86,0.02056512,,3876,,预估
加拿大,android,年,87,0.02040405,,3876,,预估
加拿大,android,年,88,0.02024607,,3876,,预估
加拿大,android,年,89,0.02009107,,3876,,预估
加拿大,android,年,90,0.01993897,,3876,,预估
加拿大,android,年,91,0.01978969,,3876,,预估
加拿大,android,年,92,0.01964313,,3876,,预估
加拿大,android,年,93,0.01949923,,3876,,预估
加拿大,android,年,94,0.01935790,,3876,,预估
加拿大,android,年,95,0.01921908,,3876,,预估
加拿大,android,年,96,0.01908269,,3876,,预估
加拿大,android,年,97,0.01894867,,3876,,预估
加拿大,android,年,98,0.01881695,,3876,,预估
加拿大,android,年,99,0.01868747,,3876,,预估
加拿大,android,年,100,0.01856017,,3876,,预估
加拿大,android,月,1,0.58333333,3836,6576,836,真实
加拿大,android,月,2,0.42028081,2694,6410,805,真实
加拿大,android,月,3,0.34145169,2131,6241,777,真实
加拿大,android,月,4,0.28744277,1758,6116,747,真实
加拿大,android,月,5,0.25143049,1494,5942,716,真实
加拿大,android,月,6,0.22110028,1270,5744,686,真实
加拿大,android,月,7,0.19551050,1080,5524,655,真实
加拿大,android,月,8,0.17986019,952,5293,625,真实
加拿大,android,月,9,0.16435918,831,5056,594,真实
加拿大,android,月,10,0.15067638,724,4805,564,真实
加拿大,android,月,11,0.13813747,623,4510,534,真实
加拿大,android,月,12,0.12764457,543,4254,503,真实
加拿大,android,月,13,0.11915423,479,4020,473,真实
加拿大,android,月,14,0.11189913,426,3807,442,真实
加拿大,android,月,15,0.10317903,370,3586,414,真实
加拿大,android,月,16,0.09523810,322,3381,383,真实
加拿大,android,月,17,0.09015610,283,3139,352,真实
加拿大,android,月,18,0.08872902,259,2919,322,真实
加拿大,android,月,19,0.08426547,226,2682,291,真实
加拿大,android,月,20,0.07667210,188,2452,261,真实
加拿大,android,月,21,0.07257694,158,2177,230,真实
加拿大,android,月,22,0.07042254,135,1917,199,真实
加拿大,android,月,23,0.06825107,112,1641,169,真实
加拿大,android,月,24,0.06327273,87,1375,138,真实
加拿大,android,月,25,0.05892857,66,1120,108,真实
加拿大,android,月,26,0.05166475,45,871,77,真实
加拿大,android,月,27,0.04856115,27,556,48,真实
加拿大,android,月,28,0.04761905,10,210,17,真实
加拿大,android,月,29,0.05801976,,6576,,预估
加拿大,android,月,30,0.05650339,,6576,,预估
加拿大,android,月,31,0.05507446,,6576,,预估
加拿大,android,月,32,0.05372535,,6576,,预估
加拿大,android,月,33,0.05244929,,6576,,预估
加拿大,android,月,34,0.05124031,,6576,,预估
加拿大,android,月,35,0.05009305,,6576,,预估
加拿大,android,月,36,0.04900273,,6576,,预估
加拿大,android,月,37,0.04796505,,6576,,预估
加拿大,android,月,38,0.04697615,,6576,,预估
加拿大,android,月,39,0.04603255,,6576,,预估
加拿大,android,月,40,0.04513108,,6576,,预估
加拿大,android,月,41,0.04426888,,6576,,预估
加拿大,android,月,42,0.04344334,,6576,,预估
加拿大,android,月,43,0.04265209,,6576,,预估
加拿大,android,月,44,0.04189294,,6576,,预估
加拿大,android,月,45,0.04116392,,6576,,预估
加拿大,android,月,46,0.04046320,,6576,,预估
加拿大,android,月,47,0.03978909,,6576,,预估
加拿大,android,月,48,0.03914006,,6576,,预估
加拿大,android,月,49,0.03851467,,6576,,预估
加拿大,android,月,50,0.03791161,,6576,,预估
加拿大,android,月,51,0.03732966,,6576,,预估
加拿大,android,月,52,0.03676768,,6576,,预估
加拿大,android,月,53,0.03622463,,6576,,预估
加拿大,android,月,54,0.03569953,,6576,,预估
加拿大,android,月,55,0.03519147,,6576,,预估
加拿大,android,月,56,0.03469960,,6576,,预估
加拿大,android,月,57,0.03422313,,6576,,预估
加拿大,android,月,58,0.03376132,,6576,,预估
加拿大,android,月,59,0.03331348,,6576,,预估
加拿大,android,月,60,0.03287895,,6576,,预估
加拿大,android,月,61,0.03245714,,6576,,预估
加拿大,android,月,62,0.03204747,,6576,,预估
加拿大,android,月,63,0.03164940,,6576,,预估
加拿大,android,月,64,0.03126243,,6576,,预估
加拿大,android,月,65,0.03088608,,6576,,预估
加拿大,android,月,66,0.03051990,,6576,,预估
加拿大,android,月,67,0.03016348,,6576,,预估
加拿大,android,月,68,0.02981640,,6576,,预估
加拿大,android,月,69,0.02947830,,6576,,预估
加拿大,android,月,70,0.02914882,,6576,,预估
加拿大,android,月,71,0.02882761,,6576,,预估
加拿大,android,月,72,0.02851437,,6576,,预估
加拿大,android,月,73,0.02820877,,6576,,预估
加拿大,android,月,74,0.02791055,,6576,,预估
加拿大,android,月,75,0.02761942,,6576,,预估
加拿大,android,月,76,0.02733512,,6576,,预估
加拿大,android,月,77,0.02705740,,6576,,预估
加拿大,android,月,78,0.02678604,,6576,,预估
加拿大,android,月,79,0.02652080,,6576,,预估
加拿大,android,月,80,0.02626148,,6576,,预估
加拿大,android,月,81,0.02600787,,6576,,预估
加拿大,android,月,82,0.02575977,,6576,,预估
加拿大,android,月,83,0.02551701,,6576,,预估
加拿大,android,月,84,0.02527940,,6576,,预估
加拿大,android,月,85,0.02504677,,6576,,预估
加拿大,android,月,86,0.02481897,,6576,,预估
加拿大,android,月,87,0.02459584,,6576,,预估
加拿大,android,月,88,0.02437723,,6576,,预估
加拿大,android,月,89,0.02416300,,6576,,预估
加拿大,android,月,90,0.02395302,,6576,,预估
加拿大,android,月,91,0.02374715,,6576,,预估
加拿大,android,月,92,0.02354527,,6576,,预估
加拿大,android,月,93,0.02334726,,6576,,预估
加拿大,android,月,94,0.02315301,,6576,,预估
加拿大,android,月,95,0.02296241,,6576,,预估
加拿大,android,月,96,0.02277534,,6576,,预估
加拿大,android,月,97,0.02259172,,6576,,预估
加拿大,android,月,98,0.02241144,,6576,,预估
加拿大,android,月,99,0.02223440,,6576,,预估
加拿大,android,月,100,0.02206052,,6576,,预估
加拿大,ios,周,1,0.44132653,173,392,106,真实
加拿大,ios,周,2,0.32360743,122,377,99,真实
加拿大,ios,周,3,0.27247191,97,356,93,真实
加拿大,ios,周,4,0.22478386,78,347,88,真实
加拿大,ios,周,5,0.18404908,60,326,81,真实
加拿大,ios,周,6,0.17853996,,392,,预估
加拿大,ios,周,7,0.16470151,,392,,预估
加拿大,ios,周,8,0.15358415,,392,,预估
加拿大,ios,周,9,0.14440252,,392,,预估
加拿大,ios,周,10,0.13665538,,392,,预估
加拿大,ios,周,11,0.13000591,,392,,预估
加拿大,ios,周,12,0.12421834,,392,,预估
加拿大,ios,周,13,0.11912210,,392,,预估
加拿大,ios,周,14,0.11459030,,392,,预估
加拿大,ios,周,15,0.11052641,,392,,预估
加拿大,ios,周,16,0.10685546,,392,,预估
加拿大,ios,周,17,0.10351826,,392,,预估
加拿大,ios,周,18,0.10046738,,392,,预估
加拿大,ios,周,19,0.09766429,,392,,预估
加拿大,ios,周,20,0.09507734,,392,,预估
加拿大,ios,周,21,0.09268025,,392,,预估
加拿大,ios,周,22,0.09045100,,392,,预估
加拿大,ios,周,23,0.08837098,,392,,预估
加拿大,ios,周,24,0.08642433,,392,,预估
加拿大,ios,周,25,0.08459746,,392,,预估
加拿大,ios,周,26,0.08287864,,392,,预估
加拿大,ios,周,27,0.08125768,,392,,预估
加拿大,ios,周,28,0.07972567,,392,,预估
加拿大,ios,周,29,0.07827481,,392,,预估
加拿大,ios,周,30,0.07689823,,392,,预估
加拿大,ios,周,31,0.07558983,,392,,预估
加拿大,ios,周,32,0.07434418,,392,,预估
加拿大,ios,周,33,0.07315647,,392,,预估
加拿大,ios,周,34,0.07202234,,392,,预估
加拿大,ios,周,35,0.07093793,,392,,预估
加拿大,ios,周,36,0.06989971,,392,,预估
加拿大,ios,周,37,0.06890451,,392,,预估
加拿大,ios,周,38,0.06794947,,392,,预估
加拿大,ios,周,39,0.06703197,,392,,预估
加拿大,ios,周,40,0.06614961,,392,,预估
加拿大,ios,周,41,0.06530024,,392,,预估
加拿大,ios,周,42,0.06448185,,392,,预估
加拿大,ios,周,43,0.06369262,,392,,预估
加拿大,ios,周,44,0.06293086,,392,,预估
加拿大,ios,周,45,0.06219503,,392,,预估
加拿大,ios,周,46,0.06148370,,392,,预估
加拿大,ios,周,47,0.06079553,,392,,预估
加拿大,ios,周,48,0.06012932,,392,,预估
加拿大,ios,周,49,0.05948393,,392,,预估
加拿大,ios,周,50,0.05885829,,392,,预估
加拿大,ios,周,51,0.05825143,,392,,预估
加拿大,ios,周,52,0.05766243,,392,,预估
加拿大,ios,周,53,0.05709043,,392,,预估
加拿大,ios,周,54,0.05653465,,392,,预估
加拿大,ios,周,55,0.05599432,,392,,预估
加拿大,ios,周,56,0.05546876,,392,,预估
加拿大,ios,周,57,0.05495730,,392,,预估
加拿大,ios,周,58,0.05445934,,392,,预估
加拿大,ios,周,59,0.05397428,,392,,预估
加拿大,ios,周,60,0.05350158,,392,,预估
加拿大,ios,周,61,0.05304074,,392,,预估
加拿大,ios,周,62,0.05259127,,392,,预估
加拿大,ios,周,63,0.05215270,,392,,预估
加拿大,ios,周,64,0.05172462,,392,,预估
加拿大,ios,周,65,0.05130660,,392,,预估
加拿大,ios,周,66,0.05089827,,392,,预估
加拿大,ios,周,67,0.05049925,,392,,预估
加拿大,ios,周,68,0.05010921,,392,,预估
加拿大,ios,周,69,0.04972781,,392,,预估
加拿大,ios,周,70,0.04935473,,392,,预估
加拿大,ios,周,71,0.04898969,,392,,预估
加拿大,ios,周,72,0.04863239,,392,,预估
加拿大,ios,周,73,0.04828258,,392,,预估
加拿大,ios,周,74,0.04793999,,392,,预估
加拿大,ios,周,75,0.04760439,,392,,预估
加拿大,ios,周,76,0.04727553,,392,,预估
加拿大,ios,周,77,0.04695319,,392,,预估
加拿大,ios,周,78,0.04663718,,392,,预估
加拿大,ios,周,79,0.04632727,,392,,预估
加拿大,ios,周,80,0.04602328,,392,,预估
加拿大,ios,周,81,0.04572503,,392,,预估
加拿大,ios,周,82,0.04543234,,392,,预估
加拿大,ios,周,83,0.04514503,,392,,预估
加拿大,ios,周,84,0.04486295,,392,,预估
加拿大,ios,周,85,0.04458593,,392,,预估
加拿大,ios,周,86,0.04431384,,392,,预估
加拿大,ios,周,87,0.04404653,,392,,预估
加拿大,ios,周,88,0.04378385,,392,,预估
加拿大,ios,周,89,0.04352569,,392,,预估
加拿大,ios,周,90,0.04327190,,392,,预估
加拿大,ios,周,91,0.04302238,,392,,预估
加拿大,ios,周,92,0.04277699,,392,,预估
加拿大,ios,周,93,0.04253564,,392,,预估
加拿大,ios,周,94,0.04229821,,392,,预估
加拿大,ios,周,95,0.04206459,,392,,预估
加拿大,ios,周,96,0.04183470,,392,,预估
加拿大,ios,周,97,0.04160842,,392,,预估
加拿大,ios,周,98,0.04138566,,392,,预估
加拿大,ios,周,99,0.04116635,,392,,预估
加拿大,ios,周,100,0.04095038,,392,,预估
加拿大,ios,年,1,0.28420988,9311,32761,503,真实
加拿大,ios,年,2,0.15730467,1361,8652,138,真实
加拿大,ios,年,3,0.11129257,,32761,,预估
加拿大,ios,年,4,0.08706509,,32761,,预估
加拿大,ios,年,5,0.07196835,,32761,,预估
加拿大,ios,年,6,0.06159829,,32761,,预估
加拿大,ios,年,7,0.05400532,,32761,,预估
加拿大,ios,年,8,0.04818884,,32761,,预估
加拿大,ios,年,9,0.04358060,,32761,,预估
加拿大,ios,年,10,0.03983309,,32761,,预估
加拿大,ios,年,11,0.03672144,,32761,,预估
加拿大,ios,年,12,0.03409346,,32761,,预估
加拿大,ios,年,13,0.03184236,,32761,,预估
加拿大,ios,年,14,0.02989090,,32761,,预估
加拿大,ios,年,15,0.02818179,,32761,,预估
加拿大,ios,年,16,0.02667159,,32761,,预估
加拿大,ios,年,17,0.02532678,,32761,,预估
加拿大,ios,年,18,0.02412102,,32761,,预估
加拿大,ios,年,19,0.02303334,,32761,,预估
加拿大,ios,年,20,0.02204684,,32761,,预估
加拿大,ios,年,21,0.02114772,,32761,,预估
加拿大,ios,年,22,0.02032460,,32761,,预估
加拿大,ios,年,23,0.01956803,,32761,,预估
加拿大,ios,年,24,0.01887007,,32761,,预估
加拿大,ios,年,25,0.01822401,,32761,,预估
加拿大,ios,年,26,0.01762413,,32761,,预估
加拿大,ios,年,27,0.01706555,,32761,,预估
加拿大,ios,年,28,0.01654404,,32761,,预估
加拿大,ios,年,29,0.01605594,,32761,,预估
加拿大,ios,年,30,0.01559807,,32761,,预估
加拿大,ios,年,31,0.01516765,,32761,,预估
加拿大,ios,年,32,0.01476221,,32761,,预估
加拿大,ios,年,33,0.01437959,,32761,,预估
加拿大,ios,年,34,0.01401788,,32761,,预估
加拿大,ios,年,35,0.01367536,,32761,,预估
加拿大,ios,年,36,0.01335052,,32761,,预估
加拿大,ios,年,37,0.01304197,,32761,,预估
加拿大,ios,年,38,0.01274851,,32761,,预估
加拿大,ios,年,39,0.01246902,,32761,,预估
加拿大,ios,年,40,0.01220250,,32761,,预估
加拿大,ios,年,41,0.01194805,,32761,,预估
加拿大,ios,年,42,0.01170485,,32761,,预估
加拿大,ios,年,43,0.01147216,,32761,,预估
加拿大,ios,年,44,0.01124928,,32761,,预估
加拿大,ios,年,45,0.01103559,,32761,,预估
加拿大,ios,年,46,0.01083053,,32761,,预估
加拿大,ios,年,47,0.01063356,,32761,,预估
加拿大,ios,年,48,0.01044422,,32761,,预估
加拿大,ios,年,49,0.01026205,,32761,,预估
加拿大,ios,年,50,0.01008664,,32761,,预估
加拿大,ios,年,51,0.00991761,,32761,,预估
加拿大,ios,年,52,0.00975462,,32761,,预估
加拿大,ios,年,53,0.00959733,,32761,,预估
加拿大,ios,年,54,0.00944545,,32761,,预估
加拿大,ios,年,55,0.00929869,,32761,,预估
加拿大,ios,年,56,0.00915680,,32761,,预估
加拿大,ios,年,57,0.00901953,,32761,,预估
加拿大,ios,年,58,0.00888665,,32761,,预估
加拿大,ios,年,59,0.00875795,,32761,,预估
加拿大,ios,年,60,0.00863323,,32761,,预估
加拿大,ios,年,61,0.00851231,,32761,,预估
加拿大,ios,年,62,0.00839500,,32761,,预估
加拿大,ios,年,63,0.00828115,,32761,,预估
加拿大,ios,年,64,0.00817060,,32761,,预估
加拿大,ios,年,65,0.00806320,,32761,,预估
加拿大,ios,年,66,0.00795883,,32761,,预估
加拿大,ios,年,67,0.00785734,,32761,,预估
加拿大,ios,年,68,0.00775863,,32761,,预估
加拿大,ios,年,69,0.00766257,,32761,,预估
加拿大,ios,年,70,0.00756905,,32761,,预估
加拿大,ios,年,71,0.00747798,,32761,,预估
加拿大,ios,年,72,0.00738925,,32761,,预估
加拿大,ios,年,73,0.00730278,,32761,,预估
加拿大,ios,年,74,0.00721848,,32761,,预估
加拿大,ios,年,75,0.00713626,,32761,,预估
加拿大,ios,年,76,0.00705605,,32761,,预估
加拿大,ios,年,77,0.00697778,,32761,,预估
加拿大,ios,年,78,0.00690136,,32761,,预估
加拿大,ios,年,79,0.00682674,,32761,,预估
加拿大,ios,年,80,0.00675385,,32761,,预估
加拿大,ios,年,81,0.00668263,,32761,,预估
加拿大,ios,年,82,0.00661302,,32761,,预估
加拿大,ios,年,83,0.00654496,,32761,,预估
加拿大,ios,年,84,0.00647841,,32761,,预估
加拿大,ios,年,85,0.00641331,,32761,,预估
加拿大,ios,年,86,0.00634962,,32761,,预估
加拿大,ios,年,87,0.00628728,,32761,,预估
加拿大,ios,年,88,0.00622626,,32761,,预估
加拿大,ios,年,89,0.00616650,,32761,,预估
加拿大,ios,年,90,0.00610799,,32761,,预估
加拿大,ios,年,91,0.00605066,,32761,,预估
加拿大,ios,年,92,0.00599449,,32761,,预估
加拿大,ios,年,93,0.00593944,,32761,,预估
加拿大,ios,年,94,0.00588547,,32761,,预估
加拿大,ios,年,95,0.00583256,,32761,,预估
加拿大,ios,年,96,0.00578067,,32761,,预估
加拿大,ios,年,97,0.00572978,,32761,,预估
加拿大,ios,年,98,0.00567984,,32761,,预估
加拿大,ios,年,99,0.00563085,,32761,,预估
加拿大,ios,年,100,0.00558276,,32761,,预估
加拿大,ios,月,1,0.51485585,10501,20396,838,真实
加拿大,ios,月,2,0.37721597,7341,19461,807,真实
加拿大,ios,月,3,0.30271020,5674,18744,779,真实
加拿大,ios,月,4,0.25049603,4545,18144,748,真实
加拿大,ios,月,5,0.21385697,3741,17493,717,真实
加拿大,ios,月,6,0.18476576,3100,16778,687,真实
加拿大,ios,月,7,0.16396002,2625,16010,656,真实
加拿大,ios,月,8,0.14617962,2225,15221,626,真实
加拿大,ios,月,9,0.13152953,1891,14377,595,真实
加拿大,ios,月,10,0.12092259,1620,13397,564,真实
加拿大,ios,月,11,0.11112003,1384,12455,534,真实
加拿大,ios,月,12,0.10319603,1185,11483,503,真实
加拿大,ios,月,13,0.09444393,1025,10853,473,真实
加拿大,ios,月,14,0.09822594,,20396,,预估
加拿大,ios,月,15,0.09371138,,20396,,预估
加拿大,ios,月,16,0.08967631,,20396,,预估
加拿大,ios,月,17,0.08604434,,20396,,预估
加拿大,ios,月,18,0.08275486,,20396,,预估
加拿大,ios,月,19,0.07975910,,20396,,预估
加拿大,ios,月,20,0.07701734,,20396,,预估
加拿大,ios,月,21,0.07449689,,20396,,预估
加拿大,ios,月,22,0.07217057,,20396,,预估
加拿大,ios,月,23,0.07001558,,20396,,预估
加拿大,ios,月,24,0.06801265,,20396,,预估
加拿大,ios,月,25,0.06614534,,20396,,预估
加拿大,ios,月,26,0.06439960,,20396,,预估
加拿大,ios,月,27,0.06276325,,20396,,预估
加拿大,ios,月,28,0.06122578,,20396,,预估
加拿大,ios,月,29,0.05977798,,20396,,预估
加拿大,ios,月,30,0.05841178,,20396,,预估
加拿大,ios,月,31,0.05712010,,20396,,预估
加拿大,ios,月,32,0.05589666,,20396,,预估
加拿大,ios,月,33,0.05473588,,20396,,预估
加拿大,ios,月,34,0.05363280,,20396,,预估
加拿大,ios,月,35,0.05258297,,20396,,预估
加拿大,ios,月,36,0.05158241,,20396,,预估
加拿大,ios,月,37,0.05062753,,20396,,预估
加拿大,ios,月,38,0.04971510,,20396,,预估
加拿大,ios,月,39,0.04884219,,20396,,预估
加拿大,ios,月,40,0.04800612,,20396,,预估
加拿大,ios,月,41,0.04720449,,20396,,预估
加拿大,ios,月,42,0.04643509,,20396,,预估
加拿大,ios,月,43,0.04569589,,20396,,预估
加拿大,ios,月,44,0.04498506,,20396,,预估
加拿大,ios,月,45,0.04430088,,20396,,预估
加拿大,ios,月,46,0.04364182,,20396,,预估
加拿大,ios,月,47,0.04300642,,20396,,预估
加拿大,ios,月,48,0.04239336,,20396,,预估
加拿大,ios,月,49,0.04180141,,20396,,预估
加拿大,ios,月,50,0.04122944,,20396,,预估
加拿大,ios,月,51,0.04067639,,20396,,预估
加拿大,ios,月,52,0.04014128,,20396,,预估
加拿大,ios,月,53,0.03962321,,20396,,预估
加拿大,ios,月,54,0.03912133,,20396,,预估
加拿大,ios,月,55,0.03863483,,20396,,预估
加拿大,ios,月,56,0.03816299,,20396,,预估
加拿大,ios,月,57,0.03770512,,20396,,预估
加拿大,ios,月,58,0.03726055,,20396,,预估
加拿大,ios,月,59,0.03682870,,20396,,预估
加拿大,ios,月,60,0.03640898,,20396,,预估
加拿大,ios,月,61,0.03600087,,20396,,预估
加拿大,ios,月,62,0.03560386,,20396,,预估
加拿大,ios,月,63,0.03521747,,20396,,预估
加拿大,ios,月,64,0.03484127,,20396,,预估
加拿大,ios,月,65,0.03447482,,20396,,预估
加拿大,ios,月,66,0.03411774,,20396,,预估
加拿大,ios,月,67,0.03376964,,20396,,预估
加拿大,ios,月,68,0.03343017,,20396,,预估
加拿大,ios,月,69,0.03309899,,20396,,预估
加拿大,ios,月,70,0.03277579,,20396,,预估
加拿大,ios,月,71,0.03246027,,20396,,预估
加拿大,ios,月,72,0.03215213,,20396,,预估
加拿大,ios,月,73,0.03185111,,20396,,预估
加拿大,ios,月,74,0.03155694,,20396,,预估
加拿大,ios,月,75,0.03126939,,20396,,预估
加拿大,ios,月,76,0.03098821,,20396,,预估
加拿大,ios,月,77,0.03071318,,20396,,预估
加拿大,ios,月,78,0.03044410,,20396,,预估
加拿大,ios,月,79,0.03018076,,20396,,预估
加拿大,ios,月,80,0.02992297,,20396,,预估
加拿大,ios,月,81,0.02967054,,20396,,预估
加拿大,ios,月,82,0.02942330,,20396,,预估
加拿大,ios,月,83,0.02918108,,20396,,预估
加拿大,ios,月,84,0.02894372,,20396,,预估
加拿大,ios,月,85,0.02871107,,20396,,预估
加拿大,ios,月,86,0.02848297,,20396,,预估
加拿大,ios,月,87,0.02825929,,20396,,预估
加拿大,ios,月,88,0.02803989,,20396,,预估
加拿大,ios,月,89,0.02782465,,20396,,预估
加拿大,ios,月,90,0.02761344,,20396,,预估
加拿大,ios,月,91,0.02740614,,20396,,预估
加拿大,ios,月,92,0.02720263,,20396,,预估
加拿大,ios,月,93,0.02700281,,20396,,预估
加拿大,ios,月,94,0.02680658,,20396,,预估
加拿大,ios,月,95,0.02661382,,20396,,预估
加拿大,ios,月,96,0.02642445,,20396,,预估
加拿大,ios,月,97,0.02623836,,20396,,预估
加拿大,ios,月,98,0.02605548,,20396,,预估
加拿大,ios,月,99,0.02587570,,20396,,预估
加拿大,ios,月,100,0.02569896,,20396,,预估
墨西哥,android,周,1,0.65497076,112,171,44,真实
墨西哥,android,周,2,0.42352941,72,170,43,真实
墨西哥,android,周,3,0.30769231,52,169,42,真实
墨西哥,android,周,4,0.27976190,47,168,41,真实
墨西哥,android,周,5,0.23809524,40,168,41,真实
墨西哥,android,周,6,0.21043919,,171,,预估
墨西哥,android,周,7,0.19099857,,171,,预估
墨西哥,android,周,8,0.17561616,,171,,预估
墨西哥,android,周,9,0.16307954,,171,,预估
墨西哥,android,周,10,0.15262544,,171,,预估
墨西哥,android,周,11,0.14374706,,171,,预估
墨西哥,android,周,12,0.13609348,,171,,预估
墨西哥,android,周,13,0.12941324,,171,,预估
墨西哥,android,周,14,0.12352101,,171,,预估
墨西哥,android,周,15,0.11827686,,171,,预估
墨西哥,android,周,16,0.11357302,,171,,预估
墨西哥,android,周,17,0.10932497,,171,,预估
墨西哥,android,周,18,0.10546544,,171,,预估
墨西哥,android,周,19,0.10194012,,171,,预估
墨西哥,android,周,20,0.09870465,,171,,预估
墨西哥,android,周,21,0.09572242,,171,,预估
墨西哥,android,周,22,0.09296290,,171,,预估
墨西哥,android,周,23,0.09040043,,171,,预估
墨西哥,android,周,24,0.08801324,,171,,预估
墨西哥,android,周,25,0.08578277,,171,,预估
墨西哥,android,周,26,0.08369305,,171,,预估
墨西哥,android,周,27,0.08173029,,171,,预估
墨西哥,android,周,28,0.07988248,,171,,预估
墨西哥,android,周,29,0.07813912,,171,,预估
墨西哥,android,周,30,0.07649102,,171,,预估
墨西哥,android,周,31,0.07493005,,171,,预估
墨西哥,android,周,32,0.07344900,,171,,预估
墨西哥,android,周,33,0.07204146,,171,,预估
墨西哥,android,周,34,0.07070174,,171,,预估
墨西哥,android,周,35,0.06942469,,171,,预估
墨西哥,android,周,36,0.06820573,,171,,预估
墨西哥,android,周,37,0.06704071,,171,,预估
墨西哥,android,周,38,0.06592586,,171,,预估
墨西哥,android,周,39,0.06485781,,171,,预估
墨西哥,android,周,40,0.06383345,,171,,预估
墨西哥,android,周,41,0.06284997,,171,,预估
墨西哥,android,周,42,0.06190481,,171,,预估
墨西哥,android,周,43,0.06099560,,171,,预估
墨西哥,android,周,44,0.06012019,,171,,预估
墨西哥,android,周,45,0.05927661,,171,,预估
墨西哥,android,周,46,0.05846301,,171,,预估
墨西哥,android,周,47,0.05767773,,171,,预估
墨西哥,android,周,48,0.05691919,,171,,预估
墨西哥,android,周,49,0.05618597,,171,,预估
墨西哥,android,周,50,0.05547672,,171,,预估
墨西哥,android,周,51,0.05479021,,171,,预估
墨西哥,android,周,52,0.05412527,,171,,预估
墨西哥,android,周,53,0.05348085,,171,,预估
墨西哥,android,周,54,0.05285593,,171,,预估
墨西哥,android,周,55,0.05224958,,171,,预估
墨西哥,android,周,56,0.05166093,,171,,预估
墨西哥,android,周,57,0.05108915,,171,,预估
墨西哥,android,周,58,0.05053348,,171,,预估
墨西哥,android,周,59,0.04999320,,171,,预估
墨西哥,android,周,60,0.04946764,,171,,预估
墨西哥,android,周,61,0.04895615,,171,,预估
墨西哥,android,周,62,0.04845814,,171,,预估
墨西哥,android,周,63,0.04797304,,171,,预估
墨西哥,android,周,64,0.04750032,,171,,预估
墨西哥,android,周,65,0.04703949,,171,,预估
墨西哥,android,周,66,0.04659006,,171,,预估
墨西哥,android,周,67,0.04615158,,171,,预估
墨西哥,android,周,68,0.04572364,,171,,预估
墨西哥,android,周,69,0.04530582,,171,,预估
墨西哥,android,周,70,0.04489776,,171,,预估
墨西哥,android,周,71,0.04449908,,171,,预估
墨西哥,android,周,72,0.04410944,,171,,预估
墨西哥,android,周,73,0.04372852,,171,,预估
墨西哥,android,周,74,0.04335601,,171,,预估
墨西哥,android,周,75,0.04299160,,171,,预估
墨西哥,android,周,76,0.04263503,,171,,预估
墨西哥,android,周,77,0.04228601,,171,,预估
墨西哥,android,周,78,0.04194430,,171,,预估
墨西哥,android,周,79,0.04160965,,171,,预估
墨西哥,android,周,80,0.04128184,,171,,预估
墨西哥,android,周,81,0.04096063,,171,,预估
墨西哥,android,周,82,0.04064581,,171,,预估
墨西哥,android,周,83,0.04033719,,171,,预估
墨西哥,android,周,84,0.04003456,,171,,预估
墨西哥,android,周,85,0.03973775,,171,,预估
墨西哥,android,周,86,0.03944657,,171,,预估
墨西哥,android,周,87,0.03916085,,171,,预估
墨西哥,android,周,88,0.03888043,,171,,预估
墨西哥,android,周,89,0.03860516,,171,,预估
墨西哥,android,周,90,0.03833487,,171,,预估
墨西哥,android,周,91,0.03806944,,171,,预估
墨西哥,android,周,92,0.03780871,,171,,预估
墨西哥,android,周,93,0.03755256,,171,,预估
墨西哥,android,周,94,0.03730086,,171,,预估
墨西哥,android,周,95,0.03705348,,171,,预估
墨西哥,android,周,96,0.03681030,,171,,预估
墨西哥,android,周,97,0.03657122,,171,,预估
墨西哥,android,周,98,0.03633612,,171,,预估
墨西哥,android,周,99,0.03610489,,171,,预估
墨西哥,android,周,100,0.03587744,,171,,预估
墨西哥,android,年,1,0.40093059,2068,5158,503,真实
墨西哥,android,年,2,0.22629436,389,1719,138,真实
墨西哥,android,年,3,0.16194655,,5158,,预估
墨西哥,android,年,4,0.12772569,,5158,,预估
墨西哥,android,年,5,0.10624605,,5158,,预估
墨西哥,android,年,6,0.09140632,,5158,,预估
墨西哥,android,年,7,0.08048871,,5158,,预估
墨西哥,android,年,8,0.07209129,,5158,,预估
墨西哥,android,年,9,0.06541453,,5158,,预估
墨西哥,android,年,10,0.05996769,,5158,,预估
墨西哥,android,年,11,0.05543219,,5158,,预估
墨西哥,android,年,12,0.05159181,,5158,,预估
墨西哥,android,年,13,0.04829440,,5158,,预估
墨西哥,android,年,14,0.04542966,,5158,,预估
墨西哥,android,年,15,0.04291561,,5158,,预估
墨西哥,android,年,16,0.04068997,,5158,,预估
墨西哥,android,年,17,0.03870455,,5158,,预估
墨西哥,android,年,18,0.03692145,,5158,,预估
墨西哥,android,年,19,0.03531045,,5158,,预估
墨西哥,android,年,20,0.03384713,,5158,,预估
墨西哥,android,年,21,0.03251153,,5158,,预估
墨西哥,android,年,22,0.03128719,,5158,,预估
墨西哥,android,年,23,0.03016039,,5158,,预估
墨西哥,android,年,24,0.02911959,,5158,,预估
墨西哥,android,年,25,0.02815506,,5158,,预估
墨西哥,android,年,26,0.02725846,,5158,,预估
墨西哥,android,年,27,0.02642267,,5158,,预估
墨西哥,android,年,28,0.02564154,,5158,,预估
墨西哥,android,年,29,0.02490971,,5158,,预估
墨西哥,android,年,30,0.02422255,,5158,,预估
墨西哥,android,年,31,0.02357596,,5158,,预估
墨西哥,android,年,32,0.02296634,,5158,,预估
墨西哥,android,年,33,0.02239054,,5158,,预估
墨西哥,android,年,34,0.02184573,,5158,,预估
墨西哥,android,年,35,0.02132940,,5158,,预估
墨西哥,android,年,36,0.02083931,,5158,,预估
墨西哥,android,年,37,0.02037345,,5158,,预估
墨西哥,android,年,38,0.01993002,,5158,,预估
墨西哥,android,年,39,0.01950739,,5158,,预估
墨西哥,android,年,40,0.01910409,,5158,,预估
墨西哥,android,年,41,0.01871878,,5158,,预估
墨西哥,android,年,42,0.01835025,,5158,,预估
墨西哥,android,年,43,0.01799739,,5158,,预估
墨西哥,android,年,44,0.01765921,,5158,,预估
墨西哥,android,年,45,0.01733476,,5158,,预估
墨西哥,android,年,46,0.01702321,,5158,,预估
墨西哥,android,年,47,0.01672378,,5158,,预估
墨西哥,android,年,48,0.01643576,,5158,,预估
墨西哥,android,年,49,0.01615849,,5158,,预估
墨西哥,android,年,50,0.01589135,,5158,,预估
墨西哥,android,年,51,0.01563380,,5158,,预估
墨西哥,android,年,52,0.01538530,,5158,,预估
墨西哥,android,年,53,0.01514536,,5158,,预估
墨西哥,android,年,54,0.01491356,,5158,,预估
墨西哥,android,年,55,0.01468945,,5158,,预估
墨西哥,android,年,56,0.01447267,,5158,,预估
墨西哥,android,年,57,0.01426283,,5158,,预估
墨西哥,android,年,58,0.01405961,,5158,,预估
墨西哥,android,年,59,0.01386268,,5158,,预估
墨西哥,android,年,60,0.01367176,,5158,,预估
墨西哥,android,年,61,0.01348655,,5158,,预估
墨西哥,android,年,62,0.01330681,,5158,,预估
墨西哥,android,年,63,0.01313228,,5158,,预估
墨西哥,android,年,64,0.01296273,,5158,,预估
墨西哥,android,年,65,0.01279795,,5158,,预估
墨西哥,android,年,66,0.01263773,,5158,,预估
墨西哥,android,年,67,0.01248188,,5158,,预估
墨西哥,android,年,68,0.01233023,,5158,,预估
墨西哥,android,年,69,0.01218258,,5158,,预估
墨西哥,android,年,70,0.01203880,,5158,,预估
墨西哥,android,年,71,0.01189871,,5158,,预估
墨西哥,android,年,72,0.01176218,,5158,,预估
墨西哥,android,年,73,0.01162907,,5158,,预估
墨西哥,android,年,74,0.01149924,,5158,,预估
墨西哥,android,年,75,0.01137258,,5158,,预估
墨西哥,android,年,76,0.01124896,,5158,,预估
墨西哥,android,年,77,0.01112827,,5158,,预估
墨西哥,android,年,78,0.01101042,,5158,,预估
墨西哥,android,年,79,0.01089529,,5158,,预估
墨西哥,android,年,80,0.01078278,,5158,,预估
墨西哥,android,年,81,0.01067282,,5158,,预估
墨西哥,android,年,82,0.01056531,,5158,,预估
墨西哥,android,年,83,0.01046016,,5158,,预估
墨西哥,android,年,84,0.01035730,,5158,,预估
墨西哥,android,年,85,0.01025665,,5158,,预估
墨西哥,android,年,86,0.01015814,,5158,,预估
墨西哥,android,年,87,0.01006170,,5158,,预估
墨西哥,android,年,88,0.00996726,,5158,,预估
墨西哥,android,年,89,0.00987476,,5158,,预估
墨西哥,android,年,90,0.00978413,,5158,,预估
墨西哥,android,年,91,0.00969533,,5158,,预估
墨西哥,android,年,92,0.00960829,,5158,,预估
墨西哥,android,年,93,0.00952296,,5158,,预估
墨西哥,android,年,94,0.00943928,,5158,,预估
墨西哥,android,年,95,0.00935722,,5158,,预估
墨西哥,android,年,96,0.00927672,,5158,,预估
墨西哥,android,年,97,0.00919773,,5158,,预估
墨西哥,android,年,98,0.00912022,,5158,,预估
墨西哥,android,年,99,0.00904414,,5158,,预估
墨西哥,android,年,100,0.00896944,,5158,,预估
墨西哥,android,月,1,0.54870588,8162,14875,837,真实
墨西哥,android,月,2,0.36843932,5307,14404,806,真实
墨西哥,android,月,3,0.27848463,3896,13990,778,真实
墨西哥,android,月,4,0.22596754,3077,13617,747,真实
墨西哥,android,月,5,0.19155794,2496,13030,716,真实
墨西哥,android,月,6,0.16730554,2095,12522,686,真实
墨西哥,android,月,7,0.14463570,1731,11968,655,真实
墨西哥,android,月,8,0.12978034,1483,11427,625,真实
墨西哥,android,月,9,0.11699779,1272,10872,594,真实
墨西哥,android,月,10,0.10681310,1099,10289,564,真实
墨西哥,android,月,11,0.10484626,,14875,,预估
墨西哥,android,月,12,0.09847908,,14875,,预估
墨西哥,android,月,13,0.09296386,,14875,,预估
墨西哥,android,月,14,0.08813332,,14875,,预估
墨西哥,android,月,15,0.08386209,,14875,,预估
墨西哥,android,月,16,0.08005420,,14875,,预估
墨西哥,android,月,17,0.07663487,,14875,,预估
墨西哥,android,月,18,0.07354492,,14875,,预估
墨西哥,android,月,19,0.07073682,,14875,,预估
墨西哥,android,月,20,0.06817197,,14875,,预估
墨西哥,android,月,21,0.06581863,,14875,,预估
墨西哥,android,月,22,0.06365049,,14875,,预估
墨西哥,android,月,23,0.06164551,,14875,,预估
墨西哥,android,月,24,0.05978508,,14875,,预估
墨西哥,android,月,25,0.05805338,,14875,,预估
墨西哥,android,月,26,0.05643688,,14875,,预估
墨西哥,android,月,27,0.05492390,,14875,,预估
墨西哥,android,月,28,0.05350434,,14875,,预估
墨西哥,android,月,29,0.05216939,,14875,,预估
墨西哥,android,月,30,0.05091134,,14875,,预估
墨西哥,android,月,31,0.04972341,,14875,,预估
墨西哥,android,月,32,0.04859963,,14875,,预估
墨西哥,android,月,33,0.04753467,,14875,,预估
墨西哥,android,月,34,0.04652381,,14875,,预估
墨西哥,android,月,35,0.04556283,,14875,,预估
墨西哥,android,月,36,0.04464795,,14875,,预估
墨西哥,android,月,37,0.04377576,,14875,,预估
墨西哥,android,月,38,0.04294320,,14875,,预估
墨西哥,android,月,39,0.04214749,,14875,,预估
墨西哥,android,月,40,0.04138611,,14875,,预估
墨西哥,android,月,41,0.04065679,,14875,,预估
墨西哥,android,月,42,0.03995744,,14875,,预估
墨西哥,android,月,43,0.03928616,,14875,,预估
墨西哥,android,月,44,0.03864120,,14875,,预估
墨西哥,android,月,45,0.03802097,,14875,,预估
墨西哥,android,月,46,0.03742401,,14875,,预估
墨西哥,android,月,47,0.03684895,,14875,,预估
墨西哥,android,月,48,0.03629457,,14875,,预估
墨西哥,android,月,49,0.03575970,,14875,,预估
墨西哥,android,月,50,0.03524328,,14875,,预估
墨西哥,android,月,51,0.03474433,,14875,,预估
墨西哥,android,月,52,0.03426193,,14875,,预估
墨西哥,android,月,53,0.03379522,,14875,,预估
墨西哥,android,月,54,0.03334342,,14875,,预估
墨西哥,android,月,55,0.03290579,,14875,,预估
墨西哥,android,月,56,0.03248163,,14875,,预估
墨西哥,android,月,57,0.03207030,,14875,,预估
墨西哥,android,月,58,0.03167120,,14875,,预估
墨西哥,android,月,59,0.03128377,,14875,,预估
墨西哥,android,月,60,0.03090746,,14875,,预估
墨西哥,android,月,61,0.03054179,,14875,,预估
墨西哥,android,月,62,0.03018629,,14875,,预估
墨西哥,android,月,63,0.02984052,,14875,,预估
墨西哥,android,月,64,0.02950406,,14875,,预估
墨西哥,android,月,65,0.02917652,,14875,,预估
墨西哥,android,月,66,0.02885754,,14875,,预估
墨西哥,android,月,67,0.02854676,,14875,,预估
墨西哥,android,月,68,0.02824386,,14875,,预估
墨西哥,android,月,69,0.02794853,,14875,,预估
墨西哥,android,月,70,0.02766047,,14875,,预估
墨西哥,android,月,71,0.02737940,,14875,,预估
墨西哥,android,月,72,0.02710506,,14875,,预估
墨西哥,android,月,73,0.02683719,,14875,,预估
墨西哥,android,月,74,0.02657556,,14875,,预估
墨西哥,android,月,75,0.02631995,,14875,,预估
墨西哥,android,月,76,0.02607013,,14875,,预估
墨西哥,android,月,77,0.02582590,,14875,,预估
墨西哥,android,月,78,0.02558707,,14875,,预估
墨西哥,android,月,79,0.02535344,,14875,,预估
墨西哥,android,月,80,0.02512485,,14875,,预估
墨西哥,android,月,81,0.02490112,,14875,,预估
墨西哥,android,月,82,0.02468209,,14875,,预估
墨西哥,android,月,83,0.02446761,,14875,,预估
墨西哥,android,月,84,0.02425753,,14875,,预估
墨西哥,android,月,85,0.02405170,,14875,,预估
墨西哥,android,月,86,0.02385000,,14875,,预估
墨西哥,android,月,87,0.02365229,,14875,,预估
墨西哥,android,月,88,0.02345846,,14875,,预估
墨西哥,android,月,89,0.02326837,,14875,,预估
墨西哥,android,月,90,0.02308192,,14875,,预估
墨西哥,android,月,91,0.02289901,,14875,,预估
墨西哥,android,月,92,0.02271952,,14875,,预估
墨西哥,android,月,93,0.02254335,,14875,,预估
墨西哥,android,月,94,0.02237041,,14875,,预估
墨西哥,android,月,95,0.02220061,,14875,,预估
墨西哥,android,月,96,0.02203385,,14875,,预估
墨西哥,android,月,97,0.02187006,,14875,,预估
墨西哥,android,月,98,0.02170914,,14875,,预估
墨西哥,android,月,99,0.02155103,,14875,,预估
墨西哥,android,月,100,0.02139563,,14875,,预估
墨西哥,ios,周,1,0.56735751,219,386,100,真实
墨西哥,ios,周,2,0.36684783,135,368,94,真实
墨西哥,ios,周,3,0.27906977,96,344,87,真实
墨西哥,ios,周,4,0.23547401,77,327,81,真实
墨西哥,ios,周,5,0.18867925,60,318,76,真实
墨西哥,ios,周,6,0.17385939,,386,,预估
墨西哥,ios,周,7,0.15683953,,386,,预估
墨西哥,ios,周,8,0.14344906,,386,,预估
墨西哥,ios,周,9,0.13259003,,386,,预估
墨西哥,ios,周,10,0.12357475,,386,,预估
墨西哥,ios,周,11,0.11594865,,386,,预估
墨西哥,ios,周,12,0.10939827,,386,,预估
墨西哥,ios,周,13,0.10369978,,386,,预估
墨西哥,ios,周,14,0.09868879,,386,,预估
墨西哥,ios,周,15,0.09424156,,386,,预估
墨西哥,ios,周,16,0.09026305,,386,,预估
墨西哥,ios,周,17,0.08667893,,386,,预估
墨西哥,ios,周,18,0.08343018,,386,,预估
墨西哥,ios,周,19,0.08046926,,386,,预估
墨西哥,ios,周,20,0.07775745,,386,,预估
墨西哥,ios,周,21,0.07526283,,386,,预估
墨西哥,ios,周,22,0.07295885,,386,,预估
墨西哥,ios,周,23,0.07082324,,386,,预估
墨西哥,ios,周,24,0.06883713,,386,,预估
墨西哥,ios,周,25,0.06698446,,386,,预估
墨西哥,ios,周,26,0.06525144,,386,,预估
墨西哥,ios,周,27,0.06362619,,386,,预估
墨西哥,ios,周,28,0.06209836,,386,,预估
墨西哥,ios,周,29,0.06065893,,386,,预估
墨西哥,ios,周,30,0.05930001,,386,,预估
墨西哥,ios,周,31,0.05801462,,386,,预估
墨西哥,ios,周,32,0.05679659,,386,,预估
墨西哥,ios,周,33,0.05564046,,386,,预估
墨西哥,ios,周,34,0.05454134,,386,,预估
墨西哥,ios,周,35,0.05349487,,386,,预估
墨西哥,ios,周,36,0.05249712,,386,,预估
墨西哥,ios,周,37,0.05154456,,386,,预估
墨西哥,ios,周,38,0.05063401,,386,,预估
墨西哥,ios,周,39,0.04976258,,386,,预估
墨西哥,ios,周,40,0.04892764,,386,,预估
墨西哥,ios,周,41,0.04812683,,386,,预估
墨西哥,ios,周,42,0.04735794,,386,,预估
墨西哥,ios,周,43,0.04661901,,386,,预估
墨西哥,ios,周,44,0.04590820,,386,,预估
墨西哥,ios,周,45,0.04522384,,386,,预估
墨西哥,ios,周,46,0.04456440,,386,,预估
墨西哥,ios,周,47,0.04392844,,386,,预估
墨西哥,ios,周,48,0.04331467,,386,,预估
墨西哥,ios,周,49,0.04272187,,386,,预估
墨西哥,ios,周,50,0.04214891,,386,,预估
墨西哥,ios,周,51,0.04159475,,386,,预估
墨西哥,ios,周,52,0.04105844,,386,,预估
墨西哥,ios,周,53,0.04053906,,386,,预估
墨西哥,ios,周,54,0.04003577,,386,,预估
墨西哥,ios,周,55,0.03954780,,386,,预估
墨西哥,ios,周,56,0.03907441,,386,,预估
墨西哥,ios,周,57,0.03861491,,386,,预估
墨西哥,ios,周,58,0.03816867,,386,,预估
墨西哥,ios,周,59,0.03773509,,386,,预估
墨西哥,ios,周,60,0.03731359,,386,,预估
墨西哥,ios,周,61,0.03690365,,386,,预估
墨西哥,ios,周,62,0.03650478,,386,,预估
墨西哥,ios,周,63,0.03611649,,386,,预估
墨西哥,ios,周,64,0.03573836,,386,,预估
墨西哥,ios,周,65,0.03536995,,386,,预估
墨西哥,ios,周,66,0.03501088,,386,,预估
墨西哥,ios,周,67,0.03466077,,386,,预估
墨西哥,ios,周,68,0.03431928,,386,,预估
墨西哥,ios,周,69,0.03398606,,386,,预估
墨西哥,ios,周,70,0.03366080,,386,,预估
墨西哥,ios,周,71,0.03334320,,386,,预估
墨西哥,ios,周,72,0.03303298,,386,,预估
墨西哥,ios,周,73,0.03272986,,386,,预估
墨西哥,ios,周,74,0.03243360,,386,,预估
墨西哥,ios,周,75,0.03214394,,386,,预估
墨西哥,ios,周,76,0.03186065,,386,,预估
墨西哥,ios,周,77,0.03158351,,386,,预估
墨西哥,ios,周,78,0.03131231,,386,,预估
墨西哥,ios,周,79,0.03104686,,386,,预估
墨西哥,ios,周,80,0.03078694,,386,,预估
墨西哥,ios,周,81,0.03053240,,386,,预估
墨西哥,ios,周,82,0.03028304,,386,,预估
墨西哥,ios,周,83,0.03003871,,386,,预估
墨西哥,ios,周,84,0.02979924,,386,,预估
墨西哥,ios,周,85,0.02956447,,386,,预估
墨西哥,ios,周,86,0.02933427,,386,,预估
墨西哥,ios,周,87,0.02910850,,386,,预估
墨西哥,ios,周,88,0.02888701,,386,,预估
墨西哥,ios,周,89,0.02866968,,386,,预估
墨西哥,ios,周,90,0.02845639,,386,,预估
墨西哥,ios,周,91,0.02824701,,386,,预估
墨西哥,ios,周,92,0.02804144,,386,,预估
墨西哥,ios,周,93,0.02783956,,386,,预估
墨西哥,ios,周,94,0.02764128,,386,,预估
墨西哥,ios,周,95,0.02744648,,386,,预估
墨西哥,ios,周,96,0.02725507,,386,,预估
墨西哥,ios,周,97,0.02706696,,386,,预估
墨西哥,ios,周,98,0.02688206,,386,,预估
墨西哥,ios,周,99,0.02670028,,386,,预估
墨西哥,ios,周,100,0.02652153,,386,,预估
墨西哥,ios,年,1,0.33916849,3875,11425,503,真实
墨西哥,ios,年,2,0.18187461,586,3222,138,真实
墨西哥,ios,年,3,0.12631526,,11425,,预估
墨西哥,ios,年,4,0.09752785,,11425,,预估
墨西哥,ios,年,5,0.07979964,,11425,,预估
墨西哥,ios,年,6,0.06773489,,11425,,预估
墨西哥,ios,年,7,0.05896894,,11425,,预估
墨西哥,ios,年,8,0.05229802,,11425,,预估
墨西哥,ios,年,9,0.04704312,,11425,,预估
墨西哥,ios,年,10,0.04279150,,11425,,预估
墨西哥,ios,年,11,0.03927743,,11425,,预估
墨西哥,ios,年,12,0.03632193,,11425,,预估
墨西哥,ios,年,13,0.03379993,,11425,,预估
墨西哥,ios,年,14,0.03162132,,11425,,预估
墨西哥,ios,年,15,0.02971948,,11425,,预估
墨西哥,ios,年,16,0.02804412,,11425,,预估
墨西哥,ios,年,17,0.02655648,,11425,,预估
墨西哥,ios,年,18,0.02522625,,11425,,预估
墨西哥,ios,年,19,0.02402934,,11425,,预估
墨西哥,ios,年,20,0.02294637,,11425,,预估
墨西哥,ios,年,21,0.02196158,,11425,,预估
墨西哥,ios,年,22,0.02106200,,11425,,预估
墨西哥,ios,年,23,0.02023686,,11425,,预估
墨西哥,ios,年,24,0.01947716,,11425,,预估
墨西哥,ios,年,25,0.01877528,,11425,,预估
墨西哥,ios,年,26,0.01812477,,11425,,预估
墨西哥,ios,年,27,0.01752010,,11425,,预估
墨西哥,ios,年,28,0.01695651,,11425,,预估
墨西哥,ios,年,29,0.01642990,,11425,,预估
墨西哥,ios,年,30,0.01593668,,11425,,预估
墨西哥,ios,年,31,0.01547372,,11425,,预估
墨西哥,ios,年,32,0.01503829,,11425,,预估
墨西哥,ios,年,33,0.01462795,,11425,,预估
墨西哥,ios,年,34,0.01424056,,11425,,预估
墨西哥,ios,年,35,0.01387423,,11425,,预估
墨西哥,ios,年,36,0.01352724,,11425,,预估
墨西哥,ios,年,37,0.01319809,,11425,,预估
墨西哥,ios,年,38,0.01288542,,11425,,预估
墨西哥,ios,年,39,0.01258798,,11425,,预估
墨西哥,ios,年,40,0.01230469,,11425,,预估
墨西哥,ios,年,41,0.01203453,,11425,,预估
墨西哥,ios,年,42,0.01177661,,11425,,预估
墨西哥,ios,年,43,0.01153009,,11425,,预估
墨西哥,ios,年,44,0.01129422,,11425,,预估
墨西哥,ios,年,45,0.01106832,,11425,,预估
墨西哥,ios,年,46,0.01085175,,11425,,预估
墨西哥,ios,年,47,0.01064394,,11425,,预估
墨西哥,ios,年,48,0.01044437,,11425,,预估
墨西哥,ios,年,49,0.01025253,,11425,,预估
墨西哥,ios,年,50,0.01006799,,11425,,预估
墨西哥,ios,年,51,0.00989033,,11425,,预估
墨西哥,ios,年,52,0.00971917,,11425,,预估
墨西哥,ios,年,53,0.00955414,,11425,,预估
墨西哥,ios,年,54,0.00939492,,11425,,预估
墨西哥,ios,年,55,0.00924120,,11425,,预估
墨西哥,ios,年,56,0.00909270,,11425,,预估
墨西哥,ios,年,57,0.00894916,,11425,,预估
墨西哥,ios,年,58,0.00881032,,11425,,预估
墨西哥,ios,年,59,0.00867595,,11425,,预估
墨西哥,ios,年,60,0.00854583,,11425,,预估
墨西哥,ios,年,61,0.00841977,,11425,,预估
墨西哥,ios,年,62,0.00829758,,11425,,预估
墨西哥,ios,年,63,0.00817907,,11425,,预估
墨西哥,ios,年,64,0.00806408,,11425,,预估
墨西哥,ios,年,65,0.00795246,,11425,,预估
墨西哥,ios,年,66,0.00784404,,11425,,预估
墨西哥,ios,年,67,0.00773871,,11425,,预估
墨西哥,ios,年,68,0.00763631,,11425,,预估
墨西哥,ios,年,69,0.00753674,,11425,,预估
墨西哥,ios,年,70,0.00743987,,11425,,预估
墨西哥,ios,年,71,0.00734559,,11425,,预估
墨西哥,ios,年,72,0.00725381,,11425,,预估
墨西哥,ios,年,73,0.00716441,,11425,,预估
墨西哥,ios,年,74,0.00707730,,11425,,预估
墨西哥,ios,年,75,0.00699241,,11425,,预估
墨西哥,ios,年,76,0.00690963,,11425,,预估
墨西哥,ios,年,77,0.00682890,,11425,,预估
墨西哥,ios,年,78,0.00675014,,11425,,预估
墨西哥,ios,年,79,0.00667327,,11425,,预估
墨西哥,ios,年,80,0.00659823,,11425,,预估
墨西哥,ios,年,81,0.00652494,,11425,,预估
墨西哥,ios,年,82,0.00645336,,11425,,预估
墨西哥,ios,年,83,0.00638341,,11425,,预估
墨西哥,ios,年,84,0.00631505,,11425,,预估
墨西哥,ios,年,85,0.00624822,,11425,,预估
墨西哥,ios,年,86,0.00618286,,11425,,预估
墨西哥,ios,年,87,0.00611893,,11425,,预估
墨西哥,ios,年,88,0.00605638,,11425,,预估
墨西哥,ios,年,89,0.00599516,,11425,,预估
墨西哥,ios,年,90,0.00593524,,11425,,预估
墨西哥,ios,年,91,0.00587657,,11425,,预估
墨西哥,ios,年,92,0.00581911,,11425,,预估
墨西哥,ios,年,93,0.00576282,,11425,,预估
墨西哥,ios,年,94,0.00570767,,11425,,预估
墨西哥,ios,年,95,0.00565363,,11425,,预估
墨西哥,ios,年,96,0.00560065,,11425,,预估
墨西哥,ios,年,97,0.00554872,,11425,,预估
墨西哥,ios,年,98,0.00549779,,11425,,预估
墨西哥,ios,年,99,0.00544783,,11425,,预估
墨西哥,ios,年,100,0.00539883,,11425,,预估
墨西哥,ios,月,1,0.58785189,8478,14422,838,真实
墨西哥,ios,月,2,0.45040195,6107,13559,807,真实
墨西哥,ios,月,3,0.36974010,4780,12928,779,真实
墨西哥,ios,月,4,0.31308638,3871,12364,748,真实
墨西哥,ios,月,5,0.27903586,3253,11658,717,真实
墨西哥,ios,月,6,0.24919006,2769,11112,687,真实
墨西哥,ios,月,7,0.22707506,2402,10578,656,真实
墨西哥,ios,月,8,0.20428401,2060,10084,626,真实
墨西哥,ios,月,9,0.18396819,1758,9556,595,真实
墨西哥,ios,月,10,0.16763134,1506,8984,564,真实
墨西哥,ios,月,11,0.15396432,1303,8463,534,真实
墨西哥,ios,月,12,0.14121801,1120,7931,503,真实
墨西哥,ios,月,13,0.14983408,,14422,,预估
墨西哥,ios,月,14,0.14354013,,14422,,预估
墨西哥,ios,月,15,0.13791848,,14422,,预估
墨西哥,ios,月,16,0.13285925,,14422,,预估
墨西哥,ios,月,17,0.12827600,,14422,,预估
墨西哥,ios,月,18,0.12409971,,14422,,预估
墨西哥,ios,月,19,0.12027448,,14422,,预估
墨西哥,ios,月,20,0.11675456,,14422,,预估
墨西哥,ios,月,21,0.11350205,,14422,,预估
墨西哥,ios,月,22,0.11048529,,14422,,预估
墨西哥,ios,月,23,0.10767760,,14422,,预估
墨西哥,ios,月,24,0.10505631,,14422,,预估
墨西哥,ios,月,25,0.10260202,,14422,,预估
墨西哥,ios,月,26,0.10029802,,14422,,预估
墨西哥,ios,月,27,0.09812985,,14422,,预估
墨西哥,ios,月,28,0.09608489,,14422,,预估
墨西哥,ios,月,29,0.09415211,,14422,,预估
墨西哥,ios,月,30,0.09232179,,14422,,预估
墨西哥,ios,月,31,0.09058535,,14422,,预估
墨西哥,ios,月,32,0.08893517,,14422,,预估
墨西哥,ios,月,33,0.08736447,,14422,,预估
墨西哥,ios,月,34,0.08586717,,14422,,预估
墨西哥,ios,月,35,0.08443785,,14422,,预估
墨西哥,ios,月,36,0.08307159,,14422,,预估
墨西哥,ios,月,37,0.08176397,,14422,,预估
墨西哥,ios,月,38,0.08051100,,14422,,预估
墨西哥,ios,月,39,0.07930904,,14422,,预估
墨西哥,ios,月,40,0.07815479,,14422,,预估
墨西哥,ios,月,41,0.07704522,,14422,,预估
墨西哥,ios,月,42,0.07597758,,14422,,预估
墨西哥,ios,月,43,0.07494934,,14422,,预估
墨西哥,ios,月,44,0.07395818,,14422,,预估
墨西哥,ios,月,45,0.07300197,,14422,,预估
墨西哥,ios,月,46,0.07207873,,14422,,预估
墨西哥,ios,月,47,0.07118665,,14422,,预估
墨西哥,ios,月,48,0.07032405,,14422,,预估
墨西哥,ios,月,49,0.06948937,,14422,,预估
墨西哥,ios,月,50,0.06868116,,14422,,预估
墨西哥,ios,月,51,0.06789808,,14422,,预估
墨西哥,ios,月,52,0.06713888,,14422,,预估
墨西哥,ios,月,53,0.06640239,,14422,,预估
墨西哥,ios,月,54,0.06568752,,14422,,预估
墨西哥,ios,月,55,0.06499325,,14422,,预估
墨西哥,ios,月,56,0.06431864,,14422,,预估
墨西哥,ios,月,57,0.06366278,,14422,,预估
墨西哥,ios,月,58,0.06302484,,14422,,预估
墨西哥,ios,月,59,0.06240404,,14422,,预估
墨西哥,ios,月,60,0.06179964,,14422,,预估
墨西哥,ios,月,61,0.06121094,,14422,,预估
墨西哥,ios,月,62,0.06063728,,14422,,预估
墨西哥,ios,月,63,0.06007805,,14422,,预估
墨西哥,ios,月,64,0.05953266,,14422,,预估
墨西哥,ios,月,65,0.05900056,,14422,,预估
墨西哥,ios,月,66,0.05848124,,14422,,预估
墨西哥,ios,月,67,0.05797419,,14422,,预估
墨西哥,ios,月,68,0.05747896,,14422,,预估
墨西哥,ios,月,69,0.05699509,,14422,,预估
墨西哥,ios,月,70,0.05652218,,14422,,预估
墨西哥,ios,月,71,0.05605981,,14422,,预估
墨西哥,ios,月,72,0.05560761,,14422,,预估
墨西哥,ios,月,73,0.05516522,,14422,,预估
墨西哥,ios,月,74,0.05473230,,14422,,预估
墨西哥,ios,月,75,0.05430852,,14422,,预估
墨西哥,ios,月,76,0.05389357,,14422,,预估
墨西哥,ios,月,77,0.05348716,,14422,,预估
墨西哥,ios,月,78,0.05308899,,14422,,预估
墨西哥,ios,月,79,0.05269880,,14422,,预估
墨西哥,ios,月,80,0.05231634,,14422,,预估
墨西哥,ios,月,81,0.05194135,,14422,,预估
墨西哥,ios,月,82,0.05157360,,14422,,预估
墨西哥,ios,月,83,0.05121286,,14422,,预估
墨西哥,ios,月,84,0.05085893,,14422,,预估
墨西哥,ios,月,85,0.05051158,,14422,,预估
墨西哥,ios,月,86,0.05017063,,14422,,预估
墨西哥,ios,月,87,0.04983588,,14422,,预估
墨西哥,ios,月,88,0.04950715,,14422,,预估
墨西哥,ios,月,89,0.04918427,,14422,,预估
墨西哥,ios,月,90,0.04886707,,14422,,预估
墨西哥,ios,月,91,0.04855538,,14422,,预估
墨西哥,ios,月,92,0.04824906,,14422,,预估
墨西哥,ios,月,93,0.04794795,,14422,,预估
墨西哥,ios,月,94,0.04765191,,14422,,预估
墨西哥,ios,月,95,0.04736080,,14422,,预估
墨西哥,ios,月,96,0.04707449,,14422,,预估
墨西哥,ios,月,97,0.04679285,,14422,,预估
墨西哥,ios,月,98,0.04651576,,14422,,预估
墨西哥,ios,月,99,0.04624310,,14422,,预估
墨西哥,ios,月,100,0.04597475,,14422,,预估
巴西,android,周,1,0.52330508,741,1416,38,真实
巴西,android,周,2,0.33827684,479,1416,38,真实
巴西,android,周,3,0.25211864,357,1416,38,真实
巴西,android,周,4,0.19067797,270,1416,38,真实
巴西,android,周,5,0.14759887,209,1416,38,真实
巴西,android,周,6,0.13816894,,1416,,预估
巴西,android,周,7,0.12268334,,1416,,预估
巴西,android,周,8,0.11067924,,1416,,预估
巴西,android,周,9,0.10106966,,1416,,预估
巴西,android,周,10,0.09318279,,1416,,预估
巴西,android,周,11,0.08657978,,1416,,预估
巴西,android,周,12,0.08096112,,1416,,预估
巴西,android,周,13,0.07611502,,1416,,预估
巴西,android,周,14,0.07188722,,1416,,预估
巴西,android,周,15,0.06816259,,1416,,预估
巴西,android,周,16,0.06485333,,1416,,预估
巴西,android,周,17,0.06189124,,1416,,预估
巴西,android,周,18,0.05922252,,1416,,预估
巴西,android,周,19,0.05680413,,1416,,预估
巴西,android,周,20,0.05460116,,1416,,预估
巴西,android,周,21,0.05258503,,1416,,预估
巴西,android,周,22,0.05073207,,1416,,预估
巴西,android,周,23,0.04902254,,1416,,预估
巴西,android,周,24,0.04743978,,1416,,预估
巴西,android,周,25,0.04596967,,1416,,预估
巴西,android,周,26,0.04460016,,1416,,预估
巴西,android,周,27,0.04332088,,1416,,预估
巴西,android,周,28,0.04212286,,1416,,预估
巴西,android,周,29,0.04099829,,1416,,预估
巴西,android,周,30,0.03994038,,1416,,预估
巴西,android,周,31,0.03894314,,1416,,预估
巴西,android,周,32,0.03800129,,1416,,预估
巴西,android,周,33,0.03711017,,1416,,预估
巴西,android,周,34,0.03626563,,1416,,预估
巴西,android,周,35,0.03546397,,1416,,预估
巴西,android,周,36,0.03470188,,1416,,预估
巴西,android,周,37,0.03397638,,1416,,预估
巴西,android,周,38,0.03328480,,1416,,预估
巴西,android,周,39,0.03262472,,1416,,预估
巴西,android,周,40,0.03199396,,1416,,预估
巴西,android,周,41,0.03139051,,1416,,预估
巴西,android,周,42,0.03081259,,1416,,预估
巴西,android,周,43,0.03025853,,1416,,预估
巴西,android,周,44,0.02972684,,1416,,预估
巴西,android,周,45,0.02921612,,1416,,预估
巴西,android,周,46,0.02872512,,1416,,预估
巴西,android,周,47,0.02825267,,1416,,预估
巴西,android,周,48,0.02779769,,1416,,预估
巴西,android,周,49,0.02735920,,1416,,预估
巴西,android,周,50,0.02693627,,1416,,预估
巴西,android,周,51,0.02652807,,1416,,预估
巴西,android,周,52,0.02613380,,1416,,预估
巴西,android,周,53,0.02575274,,1416,,预估
巴西,android,周,54,0.02538419,,1416,,预估
巴西,android,周,55,0.02502755,,1416,,预估
巴西,android,周,56,0.02468220,,1416,,预估
巴西,android,周,57,0.02434761,,1416,,预估
巴西,android,周,58,0.02402326,,1416,,预估
巴西,android,周,59,0.02370866,,1416,,预估
巴西,android,周,60,0.02340337,,1416,,预估
巴西,android,周,61,0.02310695,,1416,,预估
巴西,android,周,62,0.02281902,,1416,,预估
巴西,android,周,63,0.02253920,,1416,,预估
巴西,android,周,64,0.02226714,,1416,,预估
巴西,android,周,65,0.02200251,,1416,,预估
巴西,android,周,66,0.02174498,,1416,,预估
巴西,android,周,67,0.02149428,,1416,,预估
巴西,android,周,68,0.02125012,,1416,,预估
巴西,android,周,69,0.02101224,,1416,,预估
巴西,android,周,70,0.02078038,,1416,,预估
巴西,android,周,71,0.02055432,,1416,,预估
巴西,android,周,72,0.02033383,,1416,,预估
巴西,android,周,73,0.02011869,,1416,,预估
巴西,android,周,74,0.01990872,,1416,,预估
巴西,android,周,75,0.01970371,,1416,,预估
巴西,android,周,76,0.01950348,,1416,,预估
巴西,android,周,77,0.01930787,,1416,,预估
巴西,android,周,78,0.01911670,,1416,,预估
巴西,android,周,79,0.01892983,,1416,,预估
巴西,android,周,80,0.01874710,,1416,,预估
巴西,android,周,81,0.01856837,,1416,,预估
巴西,android,周,82,0.01839351,,1416,,预估
巴西,android,周,83,0.01822238,,1416,,预估
巴西,android,周,84,0.01805487,,1416,,预估
巴西,android,周,85,0.01789085,,1416,,预估
巴西,android,周,86,0.01773021,,1416,,预估
巴西,android,周,87,0.01757285,,1416,,预估
巴西,android,周,88,0.01741866,,1416,,预估
巴西,android,周,89,0.01726755,,1416,,预估
巴西,android,周,90,0.01711941,,1416,,预估
巴西,android,周,91,0.01697415,,1416,,预估
巴西,android,周,92,0.01683170,,1416,,预估
巴西,android,周,93,0.01669196,,1416,,预估
巴西,android,周,94,0.01655486,,1416,,预估
巴西,android,周,95,0.01642032,,1416,,预估
巴西,android,周,96,0.01628827,,1416,,预估
巴西,android,周,97,0.01615862,,1416,,预估
巴西,android,周,98,0.01603133,,1416,,预估
巴西,android,周,99,0.01590631,,1416,,预估
巴西,android,周,100,0.01578351,,1416,,预估
巴西,android,年,1,0.29511355,18686,63318,503,真实
巴西,android,年,2,0.15817428,2710,17133,138,真实
巴西,android,年,3,0.10982390,,63318,,预估
巴西,android,年,4,0.08477789,,63318,,预估
巴西,android,年,5,0.06935652,,63318,,预估
巴西,android,年,6,0.05886316,,63318,,预估
巴西,android,年,7,0.05123985,,63318,,预估
巴西,android,年,8,0.04543906,,63318,,预估
巴西,android,年,9,0.04086999,,63318,,预估
巴西,android,年,10,0.03717355,,63318,,预估
巴西,android,年,11,0.03411856,,63318,,预估
巴西,android,年,12,0.03154934,,63318,,预估
巴西,android,年,13,0.02935708,,63318,,预估
巴西,android,年,14,0.02746342,,63318,,预估
巴西,android,年,15,0.02581042,,63318,,预估
巴西,android,年,16,0.02435432,,63318,,预估
巴西,android,年,17,0.02306144,,63318,,预估
巴西,android,年,18,0.02190540,,63318,,预估
巴西,android,年,19,0.02086527,,63318,,预估
巴西,android,年,20,0.01992419,,63318,,预估
巴西,android,年,21,0.01906846,,63318,,预估
巴西,android,年,22,0.01828679,,63318,,预估
巴西,android,年,23,0.01756983,,63318,,预估
巴西,android,年,24,0.01690974,,63318,,预估
巴西,android,年,25,0.01629992,,63318,,预估
巴西,android,年,26,0.01573474,,63318,,预估
巴西,android,年,27,0.01520941,,63318,,预估
巴西,android,年,28,0.01471978,,63318,,预估
巴西,android,年,29,0.01426228,,63318,,预估
巴西,android,年,30,0.01383381,,63318,,预估
巴西,android,年,31,0.01343163,,63318,,预估
巴西,android,年,32,0.01305337,,63318,,预估
巴西,android,年,33,0.01269692,,63318,,预估
巴西,android,年,34,0.01236042,,63318,,预估
巴西,android,年,35,0.01204220,,63318,,预估
巴西,android,年,36,0.01174081,,63318,,预估
巴西,android,年,37,0.01145491,,63318,,预估
巴西,android,年,38,0.01118332,,63318,,预估
巴西,android,年,39,0.01092498,,63318,,预估
巴西,android,年,40,0.01067892,,63318,,预估
巴西,android,年,41,0.01044428,,63318,,预估
巴西,android,年,42,0.01022027,,63318,,预估
巴西,android,年,43,0.01000616,,63318,,预估
巴西,android,年,44,0.00980131,,63318,,预估
巴西,android,年,45,0.00960512,,63318,,预估
巴西,android,年,46,0.00941704,,63318,,预估
巴西,android,年,47,0.00923657,,63318,,预估
巴西,android,年,48,0.00906324,,63318,,预估
巴西,android,年,49,0.00889665,,63318,,预估
巴西,android,年,50,0.00873639,,63318,,预估
巴西,android,年,51,0.00858211,,63318,,预估
巴西,android,年,52,0.00843347,,63318,,预估
巴西,android,年,53,0.00829016,,63318,,预估
巴西,android,年,54,0.00815190,,63318,,预估
巴西,android,年,55,0.00801842,,63318,,预估
巴西,android,年,56,0.00788947,,63318,,预估
巴西,android,年,57,0.00776483,,63318,,预估
巴西,android,年,58,0.00764427,,63318,,预估
巴西,android,年,59,0.00752759,,63318,,预估
巴西,android,年,60,0.00741461,,63318,,预估
巴西,android,年,61,0.00730516,,63318,,预估
巴西,android,年,62,0.00719906,,63318,,预估
巴西,android,年,63,0.00709616,,63318,,预估
巴西,android,年,64,0.00699632,,63318,,预估
巴西,android,年,65,0.00689940,,63318,,预估
巴西,android,年,66,0.00680527,,63318,,预估
巴西,android,年,67,0.00671381,,63318,,预估
巴西,android,年,68,0.00662491,,63318,,预估
巴西,android,年,69,0.00653846,,63318,,预估
巴西,android,年,70,0.00645435,,63318,,预估
巴西,android,年,71,0.00637250,,63318,,预估
巴西,android,年,72,0.00629281,,63318,,预估
巴西,android,年,73,0.00621520,,63318,,预估
巴西,android,年,74,0.00613958,,63318,,预估
巴西,android,年,75,0.00606587,,63318,,预估
巴西,android,年,76,0.00599401,,63318,,预估
巴西,android,年,77,0.00592392,,63318,,预估
巴西,android,年,78,0.00585554,,63318,,预估
巴西,android,年,79,0.00578881,,63318,,预估
巴西,android,年,80,0.00572366,,63318,,预估
巴西,android,年,81,0.00566005,,63318,,预估
巴西,android,年,82,0.00559790,,63318,,预估
巴西,android,年,83,0.00553718,,63318,,预估
巴西,android,年,84,0.00547784,,63318,,预估
巴西,android,年,85,0.00541982,,63318,,预估
巴西,android,年,86,0.00536308,,63318,,预估
巴西,android,年,87,0.00530758,,63318,,预估
巴西,android,年,88,0.00525328,,63318,,预估
巴西,android,年,89,0.00520015,,63318,,预估
巴西,android,年,90,0.00514813,,63318,,预估
巴西,android,年,91,0.00509720,,63318,,预估
巴西,android,年,92,0.00504732,,63318,,预估
巴西,android,年,93,0.00499846,,63318,,预估
巴西,android,年,94,0.00495059,,63318,,预估
巴西,android,年,95,0.00490368,,63318,,预估
巴西,android,年,96,0.00485770,,63318,,预估
巴西,android,年,97,0.00481261,,63318,,预估
巴西,android,年,98,0.00476841,,63318,,预估
巴西,android,年,99,0.00472505,,63318,,预估
巴西,android,年,100,0.00468251,,63318,,预估
巴西,android,月,1,0.48547357,65286,134479,837,真实
巴西,android,月,2,0.31737116,41303,130141,806,真实
巴西,android,月,3,0.23785716,29877,125609,778,真实
巴西,android,月,4,0.19018208,23156,121757,747,真实
巴西,android,月,5,0.15897503,18209,114540,716,真实
巴西,android,月,6,0.13662519,14911,109138,686,真实
巴西,android,月,7,0.11763912,12206,103758,655,真实
巴西,android,月,8,0.10422170,10218,98041,625,真实
巴西,android,月,9,0.09316710,8601,92318,594,真实
巴西,android,月,10,0.08464159,7354,86884,564,真实
巴西,android,月,11,0.07636297,6219,81440,534,真实
巴西,android,月,12,0.07010470,5303,75644,503,真实
巴西,android,月,13,0.06390666,4475,70024,473,真实
巴西,android,月,14,0.05970908,3875,64898,442,真实
巴西,android,月,15,0.05522938,3330,60294,414,真实
巴西,android,月,16,0.05127562,2862,55816,383,真实
巴西,android,月,17,0.04827270,2423,50194,352,真实
巴西,android,月,18,0.04487179,2058,45864,322,真实
巴西,android,月,19,0.04256999,1779,41790,291,真实
巴西,android,月,20,0.03971487,1521,38298,261,真实
巴西,android,月,21,0.03722499,1291,34681,230,真实
巴西,android,月,22,0.03446393,1073,31134,199,真实
巴西,android,月,23,0.03789173,,134479,,预估
巴西,android,月,24,0.03649303,,134479,,预估
巴西,android,月,25,0.03519997,,134479,,预估
巴西,android,月,26,0.03400081,,134479,,预估
巴西,android,月,27,0.03288549,,134479,,预估
巴西,android,月,28,0.03184537,,134479,,预估
巴西,android,月,29,0.03087295,,134479,,预估
巴西,android,月,30,0.02996171,,134479,,预估
巴西,android,月,31,0.02910595,,134479,,预估
巴西,android,月,32,0.02830066,,134479,,预估
巴西,android,月,33,0.02754142,,134479,,预估
巴西,android,月,34,0.02682431,,134479,,预估
巴西,android,月,35,0.02614587,,134479,,预估
巴西,android,月,36,0.02550299,,134479,,预估
巴西,android,月,37,0.02489288,,134479,,预估
巴西,android,月,38,0.02431307,,134479,,预估
巴西,android,月,39,0.02376131,,134479,,预估
巴西,android,月,40,0.02323557,,134479,,预估
巴西,android,月,41,0.02273402,,134479,,预估
巴西,android,月,42,0.02225499,,134479,,预估
巴西,android,月,43,0.02179698,,134479,,预估
巴西,android,月,44,0.02135861,,134479,,预估
巴西,android,月,45,0.02093861,,134479,,预估
巴西,android,月,46,0.02053583,,134479,,预估
巴西,android,月,47,0.02014921,,134479,,预估
巴西,android,月,48,0.01977779,,134479,,预估
巴西,android,月,49,0.01942066,,134479,,预估
巴西,android,月,50,0.01907700,,134479,,预估
巴西,android,月,51,0.01874605,,134479,,预估
巴西,android,月,52,0.01842710,,134479,,预估
巴西,android,月,53,0.01811950,,134479,,预估
巴西,android,月,54,0.01782265,,134479,,预估
巴西,android,月,55,0.01753597,,134479,,预估
巴西,android,月,56,0.01725894,,134479,,预估
巴西,android,月,57,0.01699108,,134479,,预估
巴西,android,月,58,0.01673193,,134479,,预估
巴西,android,月,59,0.01648106,,134479,,预估
巴西,android,月,60,0.01623807,,134479,,预估
巴西,android,月,61,0.01600260,,134479,,预估
巴西,android,月,62,0.01577428,,134479,,预估
巴西,android,月,63,0.01555280,,134479,,预估
巴西,android,月,64,0.01533785,,134479,,预估
巴西,android,月,65,0.01512913,,134479,,预估
巴西,android,月,66,0.01492637,,134479,,预估
巴西,android,月,67,0.01472931,,134479,,预估
巴西,android,月,68,0.01453773,,134479,,预估
巴西,android,月,69,0.01435137,,134479,,预估
巴西,android,月,70,0.01417004,,134479,,预估
巴西,android,月,71,0.01399352,,134479,,预估
巴西,android,月,72,0.01382162,,134479,,预估
巴西,android,月,73,0.01365416,,134479,,预估
巴西,android,月,74,0.01349097,,134479,,预估
巴西,android,月,75,0.01333188,,134479,,预估
巴西,android,月,76,0.01317673,,134479,,预估
巴西,android,月,77,0.01302539,,134479,,预估
巴西,android,月,78,0.01287770,,134479,,预估
巴西,android,月,79,0.01273353,,134479,,预估
巴西,android,月,80,0.01259277,,134479,,预估
巴西,android,月,81,0.01245528,,134479,,预估
巴西,android,月,82,0.01232095,,134479,,预估
巴西,android,月,83,0.01218967,,134479,,预估
巴西,android,月,84,0.01206133,,134479,,预估
巴西,android,月,85,0.01193585,,134479,,预估
巴西,android,月,86,0.01181311,,134479,,预估
巴西,android,月,87,0.01169303,,134479,,预估
巴西,android,月,88,0.01157553,,134479,,预估
巴西,android,月,89,0.01146051,,134479,,预估
巴西,android,月,90,0.01134790,,134479,,预估
巴西,android,月,91,0.01123763,,134479,,预估
巴西,android,月,92,0.01112961,,134479,,预估
巴西,android,月,93,0.01102379,,134479,,预估
巴西,android,月,94,0.01092008,,134479,,预估
巴西,android,月,95,0.01081844,,134479,,预估
巴西,android,月,96,0.01071878,,134479,,预估
巴西,android,月,97,0.01062107,,134479,,预估
巴西,android,月,98,0.01052523,,134479,,预估
巴西,android,月,99,0.01043122,,134479,,预估
巴西,android,月,100,0.01033899,,134479,,预估
巴西,ios,周,1,0.46968884,1751,3728,125,真实
巴西,ios,周,2,0.29269663,1042,3560,118,真实
巴西,ios,周,3,0.21528998,735,3414,111,真实
巴西,ios,周,4,0.16621005,546,3285,104,真实
巴西,ios,周,5,0.13873016,437,3150,97,真实
巴西,ios,周,6,0.12358078,,3728,,预估
巴西,ios,周,7,0.10994177,,3728,,预估
巴西,ios,周,8,0.09935002,,3728,,预估
巴西,ios,周,9,0.09085772,,3728,,预估
巴西,ios,周,10,0.08387810,,3728,,预估
巴西,ios,周,11,0.07802731,,3728,,预估
巴西,ios,周,12,0.07304304,,3728,,预估
巴西,ios,周,13,0.06873962,,3728,,预估
巴西,ios,周,14,0.06498164,,3728,,预估
巴西,ios,周,15,0.06166795,,3728,,预估
巴西,ios,周,16,0.05872133,,3728,,预估
巴西,ios,周,17,0.05608178,,3728,,预估
巴西,ios,周,18,0.05370191,,3728,,预估
巴西,ios,周,19,0.05154377,,3728,,预估
巴西,ios,周,20,0.04957657,,3728,,预估
巴西,ios,周,21,0.04777509,,3728,,预估
巴西,ios,周,22,0.04611843,,3728,,预估
巴西,ios,周,23,0.04458913,,3728,,预估
巴西,ios,周,24,0.04317246,,3728,,预估
巴西,ios,周,25,0.04185594,,3728,,预估
巴西,ios,周,26,0.04062890,,3728,,预估
巴西,ios,周,27,0.03948214,,3728,,预估
巴西,ios,周,28,0.03840772,,3728,,预估
巴西,ios,周,29,0.03739874,,3728,,预估
巴西,ios,周,30,0.03644915,,3728,,预估
巴西,ios,周,31,0.03555364,,3728,,预估
巴西,ios,周,32,0.03470754,,3728,,预估
巴西,ios,周,33,0.03390669,,3728,,预估
巴西,ios,周,34,0.03314742,,3728,,预估
巴西,ios,周,35,0.03242643,,3728,,预估
巴西,ios,周,36,0.03174079,,3728,,预估
巴西,ios,周,37,0.03108784,,3728,,预估
巴西,ios,周,38,0.03046521,,3728,,预估
巴西,ios,周,39,0.02987074,,3728,,预估
巴西,ios,周,40,0.02930248,,3728,,预估
巴西,ios,周,41,0.02875868,,3728,,预估
巴西,ios,周,42,0.02823771,,3728,,预估
巴西,ios,周,43,0.02773811,,3728,,预估
巴西,ios,周,44,0.02725853,,3728,,预估
巴西,ios,周,45,0.02679775,,3728,,预估
巴西,ios,周,46,0.02635463,,3728,,预估
巴西,ios,周,47,0.02592813,,3728,,预估
巴西,ios,周,48,0.02551730,,3728,,预估
巴西,ios,周,49,0.02512125,,3728,,预估
巴西,ios,周,50,0.02473917,,3728,,预估
巴西,ios,周,51,0.02437029,,3728,,预估
巴西,ios,周,52,0.02401391,,3728,,预估
巴西,ios,周,53,0.02366939,,3728,,预估
巴西,ios,周,54,0.02333612,,3728,,预估
巴西,ios,周,55,0.02301352,,3728,,预估
巴西,ios,周,56,0.02270108,,3728,,预估
巴西,ios,周,57,0.02239830,,3728,,预估
巴西,ios,周,58,0.02210472,,3728,,预估
巴西,ios,周,59,0.02181990,,3728,,预估
巴西,ios,周,60,0.02154345,,3728,,预估
巴西,ios,周,61,0.02127499,,3728,,预估
巴西,ios,周,62,0.02101416,,3728,,预估
巴西,ios,周,63,0.02076062,,3728,,预估
巴西,ios,周,64,0.02051407,,3728,,预估
巴西,ios,周,65,0.02027419,,3728,,预估
巴西,ios,周,66,0.02004072,,3728,,预估
巴西,ios,周,67,0.01981339,,3728,,预估
巴西,ios,周,68,0.01959195,,3728,,预估
巴西,ios,周,69,0.01937616,,3728,,预估
巴西,ios,周,70,0.01916581,,3728,,预估
巴西,ios,周,71,0.01896067,,3728,,预估
巴西,ios,周,72,0.01876055,,3728,,预估
巴西,ios,周,73,0.01856526,,3728,,预估
巴西,ios,周,74,0.01837462,,3728,,预估
巴西,ios,周,75,0.01818846,,3728,,预估
巴西,ios,周,76,0.01800661,,3728,,预估
巴西,ios,周,77,0.01782893,,3728,,预估
巴西,ios,周,78,0.01765525,,3728,,预估
巴西,ios,周,79,0.01748545,,3728,,预估
巴西,ios,周,80,0.01731938,,3728,,预估
巴西,ios,周,81,0.01715693,,3728,,预估
巴西,ios,周,82,0.01699796,,3728,,预估
巴西,ios,周,83,0.01684237,,3728,,预估
巴西,ios,周,84,0.01669004,,3728,,预估
巴西,ios,周,85,0.01654087,,3728,,预估
巴西,ios,周,86,0.01639475,,3728,,预估
巴西,ios,周,87,0.01625159,,3728,,预估
巴西,ios,周,88,0.01611129,,3728,,预估
巴西,ios,周,89,0.01597377,,3728,,预估
巴西,ios,周,90,0.01583895,,3728,,预估
巴西,ios,周,91,0.01570673,,3728,,预估
巴西,ios,周,92,0.01557704,,3728,,预估
巴西,ios,周,93,0.01544980,,3728,,预估
巴西,ios,周,94,0.01532495,,3728,,预估
巴西,ios,周,95,0.01520242,,3728,,预估
巴西,ios,周,96,0.01508213,,3728,,预估
巴西,ios,周,97,0.01496402,,3728,,预估
巴西,ios,周,98,0.01484804,,3728,,预估
巴西,ios,周,99,0.01473412,,3728,,预估
巴西,ios,周,100,0.01462221,,3728,,预估
巴西,ios,年,1,0.27582562,57412,208146,503,真实
巴西,ios,年,2,0.13396020,6995,52217,138,真实
巴西,ios,年,3,0.08780053,,208146,,预估
巴西,ios,年,4,0.06506044,,208146,,预估
巴西,ios,年,5,0.05156338,,208146,,预估
巴西,ios,年,6,0.04264207,,208146,,预估
巴西,ios,年,7,0.03631474,,208146,,预估
巴西,ios,年,8,0.03159790,,208146,,预估
巴西,ios,年,9,0.02794858,,208146,,预估
巴西,ios,年,10,0.02504278,,208146,,预估
巴西,ios,年,11,0.02267532,,208146,,预估
巴西,ios,年,12,0.02070997,,208146,,预估
巴西,ios,年,13,0.01905281,,208146,,预估
巴西,ios,年,14,0.01763698,,208146,,预估
巴西,ios,年,15,0.01641360,,208146,,预估
巴西,ios,年,16,0.01534615,,208146,,预估
巴西,ios,年,17,0.01440674,,208146,,预估
巴西,ios,年,18,0.01357378,,208146,,预估
巴西,ios,年,19,0.01283024,,208146,,预估
巴西,ios,年,20,0.01216253,,208146,,预估
巴西,ios,年,21,0.01155967,,208146,,预估
巴西,ios,年,22,0.01101272,,208146,,预估
巴西,ios,年,23,0.01051428,,208146,,预估
巴西,ios,年,24,0.01005821,,208146,,预估
巴西,ios,年,25,0.00963936,,208146,,预估
巴西,ios,年,26,0.00925338,,208146,,预估
巴西,ios,年,27,0.00889656,,208146,,预估
巴西,ios,年,28,0.00856575,,208146,,预估
巴西,ios,年,29,0.00825821,,208146,,预估
巴西,ios,年,30,0.00797159,,208146,,预估
巴西,ios,年,31,0.00770384,,208146,,预估
巴西,ios,年,32,0.00745316,,208146,,预估
巴西,ios,年,33,0.00721798,,208146,,预估
巴西,ios,年,34,0.00699692,,208146,,预估
巴西,ios,年,35,0.00678875,,208146,,预估
巴西,ios,年,36,0.00659238,,208146,,预估
巴西,ios,年,37,0.00640684,,208146,,预估
巴西,ios,年,38,0.00623126,,208146,,预估
巴西,ios,年,39,0.00606487,,208146,,预估
巴西,ios,年,40,0.00590697,,208146,,预估
巴西,ios,年,41,0.00575693,,208146,,预估
巴西,ios,年,42,0.00561418,,208146,,预估
巴西,ios,年,43,0.00547821,,208146,,预估
巴西,ios,年,44,0.00534855,,208146,,预估
巴西,ios,年,45,0.00522476,,208146,,预估
巴西,ios,年,46,0.00510647,,208146,,预估
巴西,ios,年,47,0.00499331,,208146,,预估
巴西,ios,年,48,0.00488497,,208146,,预估
巴西,ios,年,49,0.00478114,,208146,,预估
巴西,ios,年,50,0.00468155,,208146,,预估
巴西,ios,年,51,0.00458594,,208146,,预估
巴西,ios,年,52,0.00449409,,208146,,预估
巴西,ios,年,53,0.00440577,,208146,,预估
巴西,ios,年,54,0.00432079,,208146,,预估
巴西,ios,年,55,0.00423897,,208146,,预估
巴西,ios,年,56,0.00416013,,208146,,预估
巴西,ios,年,57,0.00408411,,208146,,预估
巴西,ios,年,58,0.00401077,,208146,,预估
巴西,ios,年,59,0.00393996,,208146,,预估
巴西,ios,年,60,0.00387156,,208146,,预估
巴西,ios,年,61,0.00380545,,208146,,预估
巴西,ios,年,62,0.00374152,,208146,,预估
巴西,ios,年,63,0.00367966,,208146,,预估
巴西,ios,年,64,0.00361978,,208146,,预估
巴西,ios,年,65,0.00356177,,208146,,预估
巴西,ios,年,66,0.00350556,,208146,,预估
巴西,ios,年,67,0.00345106,,208146,,预估
巴西,ios,年,68,0.00339819,,208146,,预估
巴西,ios,年,69,0.00334689,,208146,,预估
巴西,ios,年,70,0.00329709,,208146,,预估
巴西,ios,年,71,0.00324872,,208146,,预估
巴西,ios,年,72,0.00320172,,208146,,预估
巴西,ios,年,73,0.00315603,,208146,,预估
巴西,ios,年,74,0.00311161,,208146,,预估
巴西,ios,年,75,0.00306839,,208146,,预估
巴西,ios,年,76,0.00302634,,208146,,预估
巴西,ios,年,77,0.00298539,,208146,,预估
巴西,ios,年,78,0.00294553,,208146,,预估
巴西,ios,年,79,0.00290669,,208146,,预估
巴西,ios,年,80,0.00286884,,208146,,预估
巴西,ios,年,81,0.00283194,,208146,,预估
巴西,ios,年,82,0.00279597,,208146,,预估
巴西,ios,年,83,0.00276088,,208146,,预估
巴西,ios,年,84,0.00272664,,208146,,预估
巴西,ios,年,85,0.00269322,,208146,,预估
巴西,ios,年,86,0.00266060,,208146,,预估
巴西,ios,年,87,0.00262875,,208146,,预估
巴西,ios,年,88,0.00259763,,208146,,预估
巴西,ios,年,89,0.00256722,,208146,,预估
巴西,ios,年,90,0.00253751,,208146,,预估
巴西,ios,年,91,0.00250846,,208146,,预估
巴西,ios,年,92,0.00248006,,208146,,预估
巴西,ios,年,93,0.00245228,,208146,,预估
巴西,ios,年,94,0.00242510,,208146,,预估
巴西,ios,年,95,0.00239851,,208146,,预估
巴西,ios,年,96,0.00237248,,208146,,预估
巴西,ios,年,97,0.00234700,,208146,,预估
巴西,ios,年,98,0.00232206,,208146,,预估
巴西,ios,年,99,0.00229762,,208146,,预估
巴西,ios,年,100,0.00227369,,208146,,预估
巴西,ios,月,1,0.52064434,72658,139554,838,真实
巴西,ios,月,2,0.36655887,47947,130803,807,真实
巴西,ios,月,3,0.28825295,35718,123912,779,真实
巴西,ios,月,4,0.23640380,27933,118158,748,真实
巴西,ios,月,5,0.20133355,22133,109932,717,真实
巴西,ios,月,6,0.17495679,18016,102974,687,真实
巴西,ios,月,7,0.15416097,14879,96516,656,真实
巴西,ios,月,8,0.13736682,12442,90575,626,真实
巴西,ios,月,9,0.12294568,10391,84517,595,真实
巴西,ios,月,10,0.11125297,8714,78326,564,真实
巴西,ios,月,11,0.10125413,7347,72560,534,真实
巴西,ios,月,12,0.09293597,6215,66874,503,真实
巴西,ios,月,13,0.08518204,5318,62431,473,真实
巴西,ios,月,14,0.07897165,4537,57451,442,真实
巴西,ios,月,15,0.07176400,3851,53662,414,真实
巴西,ios,月,16,0.06697695,3281,48987,383,真实
巴西,ios,月,17,0.06213058,2733,43988,352,真实
巴西,ios,月,18,0.05844485,2306,39456,322,真实
巴西,ios,月,19,0.05411378,1910,35296,291,真实
巴西,ios,月,20,0.04942591,1554,31441,261,真实
巴西,ios,月,21,0.04537981,1242,27369,230,真实
巴西,ios,月,22,0.04271209,1018,23834,199,真实
巴西,ios,月,23,0.05008079,,139554,,预估
巴西,ios,月,24,0.04832065,,139554,,预估
巴西,ios,月,25,0.04669052,,139554,,预估
巴西,ios,月,26,0.04517616,,139554,,预估
巴西,ios,月,27,0.04376535,,139554,,预估
巴西,ios,月,28,0.04244755,,139554,,预估
巴西,ios,月,29,0.04121363,,139554,,预估
巴西,ios,月,30,0.04005562,,139554,,预估
巴西,ios,月,31,0.03896655,,139554,,预估
巴西,ios,月,32,0.03794028,,139554,,预估
巴西,ios,月,33,0.03697140,,139554,,预估
巴西,ios,月,34,0.03605509,,139554,,预估
巴西,ios,月,35,0.03518709,,139554,,预估
巴西,ios,月,36,0.03436356,,139554,,预估
巴西,ios,月,37,0.03358109,,139554,,预估
巴西,ios,月,38,0.03283661,,139554,,预估
巴西,ios,月,39,0.03212734,,139554,,预估
巴西,ios,月,40,0.03145077,,139554,,预估
巴西,ios,月,41,0.03080463,,139554,,预估
巴西,ios,月,42,0.03018687,,139554,,预估
巴西,ios,月,43,0.02959560,,139554,,预估
巴西,ios,月,44,0.02902911,,139554,,预估
巴西,ios,月,45,0.02848583,,139554,,预估
巴西,ios,月,46,0.02796433,,139554,,预估
巴西,ios,月,47,0.02746329,,139554,,预估
巴西,ios,月,48,0.02698149,,139554,,预估
巴西,ios,月,49,0.02651782,,139554,,预估
巴西,ios,月,50,0.02607125,,139554,,预估
巴西,ios,月,51,0.02564083,,139554,,预估
巴西,ios,月,52,0.02522566,,139554,,预估
巴西,ios,月,53,0.02482493,,139554,,预估
巴西,ios,月,54,0.02443788,,139554,,预估
巴西,ios,月,55,0.02406381,,139554,,预估
巴西,ios,月,56,0.02370205,,139554,,预估
巴西,ios,月,57,0.02335198,,139554,,预估
巴西,ios,月,58,0.02301304,,139554,,预估
巴西,ios,月,59,0.02268469,,139554,,预估
巴西,ios,月,60,0.02236643,,139554,,预估
巴西,ios,月,61,0.02205778,,139554,,预估
巴西,ios,月,62,0.02175831,,139554,,预估
巴西,ios,月,63,0.02146760,,139554,,预估
巴西,ios,月,64,0.02118526,,139554,,预估
巴西,ios,月,65,0.02091092,,139554,,预估
巴西,ios,月,66,0.02064425,,139554,,预估
巴西,ios,月,67,0.02038491,,139554,,预估
巴西,ios,月,68,0.02013260,,139554,,预估
巴西,ios,月,69,0.01988703,,139554,,预估
巴西,ios,月,70,0.01964792,,139554,,预估
巴西,ios,月,71,0.01941502,,139554,,预估
巴西,ios,月,72,0.01918807,,139554,,预估
巴西,ios,月,73,0.01896686,,139554,,预估
巴西,ios,月,74,0.01875116,,139554,,预估
巴西,ios,月,75,0.01854075,,139554,,预估
巴西,ios,月,76,0.01833545,,139554,,预估
巴西,ios,月,77,0.01813506,,139554,,预估
巴西,ios,月,78,0.01793940,,139554,,预估
巴西,ios,月,79,0.01774831,,139554,,预估
巴西,ios,月,80,0.01756162,,139554,,预估
巴西,ios,月,81,0.01737917,,139554,,预估
巴西,ios,月,82,0.01720082,,139554,,预估
巴西,ios,月,83,0.01702644,,139554,,预估
巴西,ios,月,84,0.01685587,,139554,,预估
巴西,ios,月,85,0.01668901,,139554,,预估
巴西,ios,月,86,0.01652572,,139554,,预估
巴西,ios,月,87,0.01636588,,139554,,预估
巴西,ios,月,88,0.01620940,,139554,,预估
巴西,ios,月,89,0.01605615,,139554,,预估
巴西,ios,月,90,0.01590604,,139554,,预估
巴西,ios,月,91,0.01575897,,139554,,预估
巴西,ios,月,92,0.01561484,,139554,,预估
巴西,ios,月,93,0.01547357,,139554,,预估
巴西,ios,月,94,0.01533507,,139554,,预估
巴西,ios,月,95,0.01519925,,139554,,预估
巴西,ios,月,96,0.01506604,,139554,,预估
巴西,ios,月,97,0.01493536,,139554,,预估
巴西,ios,月,98,0.01480714,,139554,,预估
巴西,ios,月,99,0.01468130,,139554,,预估
巴西,ios,月,100,0.01455778,,139554,,预估
澳大利亚,android,周,1,0.56363636,31,55,31,真实
澳大利亚,android,周,2,0.38181818,21,55,31,真实
澳大利亚,android,周,3,0.36363636,20,55,31,真实
澳大利亚,android,周,4,0.32727273,18,55,31,真实
澳大利亚,android,周,5,0.29090909,16,55,31,真实
澳大利亚,android,周,6,0.27206568,,55,,预估
澳大利亚,android,周,7,0.25635914,,55,,预估
澳大利亚,android,周,8,0.24348837,,55,,预估
澳大利亚,android,周,9,0.23267298,,55,,预估
澳大利亚,android,周,10,0.22340601,,55,,预估
澳大利亚,android,周,11,0.21534137,,55,,预估
澳大利亚,android,周,12,0.20823341,,55,,预估
澳大利亚,android,周,13,0.20190209,,55,,预估
澳大利亚,android,周,14,0.19621195,,55,,预估
澳大利亚,android,周,15,0.19105880,,55,,预估
澳大利亚,android,周,16,0.18636093,,55,,预估
澳大利亚,android,周,17,0.18205323,,55,,预估
澳大利亚,android,周,18,0.17808306,,55,,预估
澳大利亚,android,周,19,0.17440731,,55,,预估
澳大利亚,android,周,20,0.17099031,,55,,预估
澳大利亚,android,周,21,0.16780220,,55,,预估
澳大利亚,android,周,22,0.16481781,,55,,预估
澳大利亚,android,周,23,0.16201570,,55,,预估
澳大利亚,android,周,24,0.15937752,,55,,预估
澳大利亚,android,周,25,0.15688742,,55,,预估
澳大利亚,android,周,26,0.15453166,,55,,预估
澳大利亚,android,周,27,0.15229821,,55,,预估
澳大利亚,android,周,28,0.15017655,,55,,预估
澳大利亚,android,周,29,0.14815736,,55,,预估
澳大利亚,android,周,30,0.14623243,,55,,预估
澳大利亚,android,周,31,0.14439442,,55,,预估
澳大利亚,android,周,32,0.14263678,,55,,预估
澳大利亚,android,周,33,0.14095365,,55,,预估
澳大利亚,android,周,34,0.13933976,,55,,预估
澳大利亚,android,周,35,0.13779033,,55,,预估
澳大利亚,android,周,36,0.13630107,,55,,预估
澳大利亚,android,周,37,0.13486806,,55,,预估
澳大利亚,android,周,38,0.13348773,,55,,预估
澳大利亚,android,周,39,0.13215684,,55,,预估
澳大利亚,android,周,40,0.13087243,,55,,预估
澳大利亚,android,周,41,0.12963175,,55,,预估
澳大利亚,android,周,42,0.12843231,,55,,预估
澳大利亚,android,周,43,0.12727181,,55,,预估
澳大利亚,android,周,44,0.12614812,,55,,预估
澳大利亚,android,周,45,0.12505927,,55,,预估
澳大利亚,android,周,46,0.12400345,,55,,预估
澳大利亚,android,周,47,0.12297896,,55,,预估
澳大利亚,android,周,48,0.12198424,,55,,预估
澳大利亚,android,周,49,0.12101783,,55,,预估
澳大利亚,android,周,50,0.12007837,,55,,预估
澳大利亚,android,周,51,0.11916459,,55,,预估
澳大利亚,android,周,52,0.11827532,,55,,预估
澳大利亚,android,周,53,0.11740943,,55,,预估
澳大利亚,android,周,54,0.11656588,,55,,预估
澳大利亚,android,周,55,0.11574371,,55,,预估
澳大利亚,android,周,56,0.11494200,,55,,预估
澳大利亚,android,周,57,0.11415989,,55,,预估
澳大利亚,android,周,58,0.11339656,,55,,预估
澳大利亚,android,周,59,0.11265126,,55,,预估
澳大利亚,android,周,60,0.11192326,,55,,预估
澳大利亚,android,周,61,0.11121188,,55,,预估
澳大利亚,android,周,62,0.11051648,,55,,预估
澳大利亚,android,周,63,0.10983645,,55,,预估
澳大利亚,android,周,64,0.10917122,,55,,预估
澳大利亚,android,周,65,0.10852024,,55,,预估
澳大利亚,android,周,66,0.10788299,,55,,预估
澳大利亚,android,周,67,0.10725898,,55,,预估
澳大利亚,android,周,68,0.10664775,,55,,预估
澳大利亚,android,周,69,0.10604885,,55,,预估
澳大利亚,android,周,70,0.10546185,,55,,预估
澳大利亚,android,周,71,0.10488637,,55,,预估
澳大利亚,android,周,72,0.10432200,,55,,预估
澳大利亚,android,周,73,0.10376840,,55,,预估
澳大利亚,android,周,74,0.10322520,,55,,预估
澳大利亚,android,周,75,0.10269209,,55,,预估
澳大利亚,android,周,76,0.10216873,,55,,预估
澳大利亚,android,周,77,0.10165483,,55,,预估
澳大利亚,android,周,78,0.10115010,,55,,预估
澳大利亚,android,周,79,0.10065425,,55,,预估
澳大利亚,android,周,80,0.10016703,,55,,预估
澳大利亚,android,周,81,0.09968818,,55,,预估
澳大利亚,android,周,82,0.09921745,,55,,预估
澳大利亚,android,周,83,0.09875460,,55,,预估
澳大利亚,android,周,84,0.09829942,,55,,预估
澳大利亚,android,周,85,0.09785169,,55,,预估
澳大利亚,android,周,86,0.09741120,,55,,预估
澳大利亚,android,周,87,0.09697775,,55,,预估
澳大利亚,android,周,88,0.09655115,,55,,预估
澳大利亚,android,周,89,0.09613121,,55,,预估
澳大利亚,android,周,90,0.09571776,,55,,预估
澳大利亚,android,周,91,0.09531063,,55,,预估
澳大利亚,android,周,92,0.09490966,,55,,预估
澳大利亚,android,周,93,0.09451468,,55,,预估
澳大利亚,android,周,94,0.09412554,,55,,预估
澳大利亚,android,周,95,0.09374209,,55,,预估
澳大利亚,android,周,96,0.09336420,,55,,预估
澳大利亚,android,周,97,0.09299172,,55,,预估
澳大利亚,android,周,98,0.09262453,,55,,预估
澳大利亚,android,周,99,0.09226249,,55,,预估
澳大利亚,android,周,100,0.09190549,,55,,预估
澳大利亚,android,年,1,0.45146379,1465,3245,501,真实
澳大利亚,android,年,2,0.28947368,264,912,136,真实
澳大利亚,android,年,3,0.22320464,,3245,,预估
澳大利亚,android,年,4,0.18560738,,3245,,预估
澳大利亚,android,年,5,0.16086393,,3245,,预估
澳大利亚,android,年,6,0.14311639,,3245,,预估
澳大利亚,android,年,7,0.12964763,,3245,,预估
澳大利亚,android,年,8,0.11900944,,3245,,预估
澳大利亚,android,年,9,0.11035284,,3245,,预估
澳大利亚,android,年,10,0.10314420,,3245,,预估
澳大利亚,android,年,11,0.09702971,,3245,,预估
澳大利亚,android,年,12,0.09176468,,3245,,预估
澳大利亚,android,年,13,0.08717397,,3245,,预估
澳大利亚,android,年,14,0.08312865,,3245,,预估
澳大利亚,android,年,15,0.07953146,,3245,,预估
澳大利亚,android,年,16,0.07630756,,3245,,预估
澳大利亚,android,年,17,0.07339830,,3245,,预估
澳大利亚,android,年,18,0.07075704,,3245,,预估
澳大利亚,android,年,19,0.06834616,,3245,,预估
澳大利亚,android,年,20,0.06613494,,3245,,预估
澳大利亚,android,年,21,0.06409806,,3245,,预估
澳大利亚,android,年,22,0.06221440,,3245,,预估
澳大利亚,android,年,23,0.06046622,,3245,,预估
澳大利亚,android,年,24,0.05883851,,3245,,预估
澳大利亚,android,年,25,0.05731845,,3245,,预估
澳大利亚,android,年,26,0.05589500,,3245,,预估
澳大利亚,android,年,27,0.05455868,,3245,,预估
澳大利亚,android,年,28,0.05330119,,3245,,预估
澳大利亚,android,年,29,0.05211531,,3245,,预估
澳大利亚,android,年,30,0.05099471,,3245,,预估
澳大利亚,android,年,31,0.04993378,,3245,,预估
澳大利亚,android,年,32,0.04892758,,3245,,预估
澳大利亚,android,年,33,0.04797169,,3245,,预估
澳大利亚,android,年,34,0.04706220,,3245,,预估
澳大利亚,android,年,35,0.04619557,,3245,,预估
澳大利亚,android,年,36,0.04536865,,3245,,预估
澳大利亚,android,年,37,0.04457859,,3245,,预估
澳大利亚,android,年,38,0.04382282,,3245,,预估
澳大利亚,android,年,39,0.04309899,,3245,,预估
澳大利亚,android,年,40,0.04240501,,3245,,预估
澳大利亚,android,年,41,0.04173892,,3245,,预估
澳大利亚,android,年,42,0.04109898,,3245,,预估
澳大利亚,android,年,43,0.04048356,,3245,,预估
澳大利亚,android,年,44,0.03989120,,3245,,预估
澳大利亚,android,年,45,0.03932052,,3245,,预估
澳大利亚,android,年,46,0.03877029,,3245,,预估
澳大利亚,android,年,47,0.03823934,,3245,,预估
澳大利亚,android,年,48,0.03772662,,3245,,预估
澳大利亚,android,年,49,0.03723113,,3245,,预估
澳大利亚,android,年,50,0.03675196,,3245,,预估
澳大利亚,android,年,51,0.03628827,,3245,,预估
澳大利亚,android,年,52,0.03583927,,3245,,预估
澳大利亚,android,年,53,0.03540422,,3245,,预估
澳大利亚,android,年,54,0.03498243,,3245,,预估
澳大利亚,android,年,55,0.03457327,,3245,,预估
澳大利亚,android,年,56,0.03417614,,3245,,预估
澳大利亚,android,年,57,0.03379048,,3245,,预估
澳大利亚,android,年,58,0.03341577,,3245,,预估
澳大利亚,android,年,59,0.03305152,,3245,,预估
澳大利亚,android,年,60,0.03269725,,3245,,预估
澳大利亚,android,年,61,0.03235255,,3245,,预估
澳大利亚,android,年,62,0.03201700,,3245,,预估
澳大利亚,android,年,63,0.03169021,,3245,,预估
澳大利亚,android,年,64,0.03137183,,3245,,预估
澳大利亚,android,年,65,0.03106151,,3245,,预估
澳大利亚,android,年,66,0.03075893,,3245,,预估
澳大利亚,android,年,67,0.03046378,,3245,,预估
澳大利亚,android,年,68,0.03017577,,3245,,预估
澳大利亚,android,年,69,0.02989463,,3245,,预估
澳大利亚,android,年,70,0.02962010,,3245,,预估
澳大利亚,android,年,71,0.02935193,,3245,,预估
澳大利亚,android,年,72,0.02908988,,3245,,预估
澳大利亚,android,年,73,0.02883375,,3245,,预估
澳大利亚,android,年,74,0.02858331,,3245,,预估
澳大利亚,android,年,75,0.02833836,,3245,,预估
澳大利亚,android,年,76,0.02809871,,3245,,预估
澳大利亚,android,年,77,0.02786419,,3245,,预估
澳大利亚,android,年,78,0.02763461,,3245,,预估
澳大利亚,android,年,79,0.02740981,,3245,,预估
澳大利亚,android,年,80,0.02718963,,3245,,预估
澳大利亚,android,年,81,0.02697392,,3245,,预估
澳大利亚,android,年,82,0.02676254,,3245,,预估
澳大利亚,android,年,83,0.02655535,,3245,,预估
澳大利亚,android,年,84,0.02635222,,3245,,预估
澳大利亚,android,年,85,0.02615301,,3245,,预估
澳大利亚,android,年,86,0.02595762,,3245,,预估
澳大利亚,android,年,87,0.02576592,,3245,,预估
澳大利亚,android,年,88,0.02557780,,3245,,预估
澳大利亚,android,年,89,0.02539316,,3245,,预估
澳大利亚,android,年,90,0.02521189,,3245,,预估
澳大利亚,android,年,91,0.02503390,,3245,,预估
澳大利亚,android,年,92,0.02485909,,3245,,预估
澳大利亚,android,年,93,0.02468737,,3245,,预估
澳大利亚,android,年,94,0.02451865,,3245,,预估
澳大利亚,android,年,95,0.02435285,,3245,,预估
澳大利亚,android,年,96,0.02418990,,3245,,预估
澳大利亚,android,年,97,0.02402970,,3245,,预估
澳大利亚,android,年,98,0.02387220,,3245,,预估
澳大利亚,android,年,99,0.02371731,,3245,,预估
澳大利亚,android,年,100,0.02356496,,3245,,预估
澳大利亚,android,月,1,0.62754658,3604,5743,836,真实
澳大利亚,android,月,2,0.48089402,2668,5548,805,真实
澳大利亚,android,月,3,0.39634146,2145,5412,777,真实
澳大利亚,android,月,4,0.33985562,1789,5264,746,真实
澳大利亚,android,月,5,0.29834581,1515,5078,715,真实
澳大利亚,android,月,6,0.26201677,1281,4889,685,真实
澳大利亚,android,月,7,0.23736730,1118,4710,654,真实
澳大利亚,android,月,8,0.21445943,970,4523,624,真实
澳大利亚,android,月,9,0.19375000,837,4320,593,真实
澳大利亚,android,月,10,0.17935046,740,4126,563,真实
澳大利亚,android,月,11,0.16687737,660,3955,534,真实
澳大利亚,android,月,12,0.15493333,581,3750,503,真实
澳大利亚,android,月,13,0.14486639,515,3555,473,真实
澳大利亚,android,月,14,0.13514311,458,3389,442,真实
澳大利亚,android,月,15,0.12734082,408,3204,414,真实
澳大利亚,android,月,16,0.11499664,342,2974,383,真实
澳大利亚,android,月,17,0.10543718,287,2722,352,真实
澳大利亚,android,月,18,0.09518120,239,2511,322,真实
澳大利亚,android,月,19,0.09178322,210,2288,291,真实
澳大利亚,android,月,20,0.08341277,175,2098,261,真实
澳大利亚,android,月,21,0.07594264,143,1883,230,真实
澳大利亚,android,月,22,0.06884273,116,1685,199,真实
澳大利亚,android,月,23,0.06730116,99,1471,169,真实
澳大利亚,android,月,24,0.06157443,79,1283,138,真实
澳大利亚,android,月,25,0.05849582,63,1077,108,真实
澳大利亚,android,月,26,0.04389087,37,843,77,真实
澳大利亚,android,月,27,0.03068592,17,554,48,真实
澳大利亚,android,月,28,0.01047120,2,191,17,真实
澳大利亚,android,月,29,0.05241302,,5743,,预估
澳大利亚,android,月,30,0.05079341,,5743,,预估
澳大利亚,android,月,31,0.04927454,,5743,,预估
澳大利亚,android,月,32,0.04784720,,5743,,预估
澳大利亚,android,月,33,0.04650324,,5743,,预估
澳大利亚,android,月,34,0.04523550,,5743,,预估
澳大利亚,android,月,35,0.04403759,,5743,,预估
澳大利亚,android,月,36,0.04290383,,5743,,预估
澳大利亚,android,月,37,0.04182914,,5743,,预估
澳大利亚,android,月,38,0.04080897,,5743,,预估
澳大利亚,android,月,39,0.03983923,,5743,,预估
澳大利亚,android,月,40,0.03891622,,5743,,预估
澳大利亚,android,月,41,0.03803661,,5743,,预估
澳大利亚,android,月,42,0.03719737,,5743,,预估
澳大利亚,android,月,43,0.03639574,,5743,,预估
澳大利亚,android,月,44,0.03562924,,5743,,预估
澳大利亚,android,月,45,0.03489556,,5743,,预估
澳大利亚,android,月,46,0.03419263,,5743,,预估
澳大利亚,android,月,47,0.03351852,,5743,,预估
澳大利亚,android,月,48,0.03287149,,5743,,预估
澳大利亚,android,月,49,0.03224990,,5743,,预估
澳大利亚,android,月,50,0.03165227,,5743,,预估
澳大利亚,android,月,51,0.03107722,,5743,,预估
澳大利亚,android,月,52,0.03052349,,5743,,预估
澳大利亚,android,月,53,0.02998990,,5743,,预估
澳大利亚,android,月,54,0.02947534,,5743,,预估
澳大利亚,android,月,55,0.02897882,,5743,,预估
澳大利亚,android,月,56,0.02849938,,5743,,预估
澳大利亚,android,月,57,0.02803616,,5743,,预估
澳大利亚,android,月,58,0.02758832,,5743,,预估
澳大利亚,android,月,59,0.02715511,,5743,,预估
澳大利亚,android,月,60,0.02673582,,5743,,预估
澳大利亚,android,月,61,0.02632977,,5743,,预估
澳大利亚,android,月,62,0.02593634,,5743,,预估
澳大利亚,android,月,63,0.02555495,,5743,,预估
澳大利亚,android,月,64,0.02518504,,5743,,预估
澳大利亚,android,月,65,0.02482609,,5743,,预估
澳大利亚,android,月,66,0.02447763,,5743,,预估
澳大利亚,android,月,67,0.02413919,,5743,,预估
澳大利亚,android,月,68,0.02381034,,5743,,预估
澳大利亚,android,月,69,0.02349067,,5743,,预估
澳大利亚,android,月,70,0.02317980,,5743,,预估
澳大利亚,android,月,71,0.02287737,,5743,,预估
澳大利亚,android,月,72,0.02258303,,5743,,预估
澳大利亚,android,月,73,0.02229646,,5743,,预估
澳大利亚,android,月,74,0.02201735,,5743,,预估
澳大利亚,android,月,75,0.02174541,,5743,,预估
澳大利亚,android,月,76,0.02148037,,5743,,预估
澳大利亚,android,月,77,0.02122196,,5743,,预估
澳大利亚,android,月,78,0.02096993,,5743,,预估
澳大利亚,android,月,79,0.02072405,,5743,,预估
澳大利亚,android,月,80,0.02048410,,5743,,预估
澳大利亚,android,月,81,0.02024985,,5743,,预估
澳大利亚,android,月,82,0.02002110,,5743,,预估
澳大利亚,android,月,83,0.01979766,,5743,,预估
澳大利亚,android,月,84,0.01957935,,5743,,预估
澳大利亚,android,月,85,0.01936599,,5743,,预估
澳大利亚,android,月,86,0.01915741,,5743,,预估
澳大利亚,android,月,87,0.01895344,,5743,,预估
澳大利亚,android,月,88,0.01875395,,5743,,预估
澳大利亚,android,月,89,0.01855877,,5743,,预估
澳大利亚,android,月,90,0.01836777,,5743,,预估
澳大利亚,android,月,91,0.01818081,,5743,,预估
澳大利亚,android,月,92,0.01799777,,5743,,预估
澳大利亚,android,月,93,0.01781852,,5743,,预估
澳大利亚,android,月,94,0.01764294,,5743,,预估
澳大利亚,android,月,95,0.01747093,,5743,,预估
澳大利亚,android,月,96,0.01730236,,5743,,预估
澳大利亚,android,月,97,0.01713715,,5743,,预估
澳大利亚,android,月,98,0.01697518,,5743,,预估
澳大利亚,android,月,99,0.01681637,,5743,,预估
澳大利亚,android,月,100,0.01666061,,5743,,预估
澳大利亚,ios,周,1,0.57551020,282,490,82,真实
澳大利亚,ios,周,2,0.42857143,207,483,78,真实
澳大利亚,ios,周,3,0.35220126,168,477,74,真实
澳大利亚,ios,周,4,0.31691649,148,467,69,真实
澳大利亚,ios,周,5,0.27645788,128,463,66,真实
澳大利亚,ios,周,6,0.25920599,,490,,预估
澳大利亚,ios,周,7,0.24187592,,490,,预估
澳大利亚,ios,周,8,0.22780332,,490,,预估
澳大利亚,ios,周,9,0.21607160,,490,,预估
澳大利亚,ios,周,10,0.20609012,,490,,预估
澳大利亚,ios,周,11,0.19745857,,490,,预估
澳大利亚,ios,周,12,0.18989464,,490,,预估
澳大利亚,ios,周,13,0.18319264,,490,,预估
澳大利亚,ios,周,14,0.17719861,,490,,预估
澳大利亚,ios,周,15,0.17179472,,490,,预估
澳大利亚,ios,周,16,0.16688901,,490,,预估
澳大利亚,ios,周,17,0.16240847,,490,,预估
澳大利亚,ios,周,18,0.15829433,,490,,预估
澳大利亚,ios,周,19,0.15449866,,490,,预估
澳大利亚,ios,周,20,0.15098188,,490,,预估
澳大利亚,ios,周,21,0.14771104,,490,,预估
澳大利亚,ios,周,22,0.14465840,,490,,预估
澳大利亚,ios,周,23,0.14180044,,490,,预估
澳大利亚,ios,周,24,0.13911706,,490,,预估
澳大利亚,ios,周,25,0.13659096,,490,,预估
澳大利亚,ios,周,26,0.13420716,,490,,预估
澳大利亚,ios,周,27,0.13195262,,490,,预估
澳大利亚,ios,周,28,0.12981593,,490,,预估
澳大利亚,ios,周,29,0.12778703,,490,,预估
澳大利亚,ios,周,30,0.12585704,,490,,预估
澳大利亚,ios,周,31,0.12401807,,490,,预估
澳大利亚,ios,周,32,0.12226310,,490,,预估
澳大利亚,ios,周,33,0.12058584,,490,,预估
澳大利亚,ios,周,34,0.11898065,,490,,预估
澳大利亚,ios,周,35,0.11744245,,490,,预估
澳大利亚,ios,周,36,0.11596663,,490,,预估
澳大利亚,ios,周,37,0.11454905,,490,,预估
澳大利亚,ios,周,38,0.11318592,,490,,预估
澳大利亚,ios,周,39,0.11187379,,490,,预估
澳大利亚,ios,周,40,0.11060952,,490,,预估
澳大利亚,ios,周,41,0.10939024,,490,,预估
澳大利亚,ios,周,42,0.10821330,,490,,预估
澳大利亚,ios,周,43,0.10707628,,490,,预估
澳大利亚,ios,周,44,0.10597693,,490,,预估
澳大利亚,ios,周,45,0.10491321,,490,,预估
澳大利亚,ios,周,46,0.10388319,,490,,预估
澳大利亚,ios,周,47,0.10288511,,490,,预估
澳大利亚,ios,周,48,0.10191734,,490,,预估
澳大利亚,ios,周,49,0.10097834,,490,,预估
澳大利亚,ios,周,50,0.10006671,,490,,预估
澳大利亚,ios,周,51,0.09918112,,490,,预估
澳大利亚,ios,周,52,0.09832034,,490,,预估
澳大利亚,ios,周,53,0.09748321,,490,,预估
澳大利亚,ios,周,54,0.09666866,,490,,预估
澳大利亚,ios,周,55,0.09587568,,490,,预估
澳大利亚,ios,周,56,0.09510332,,490,,预估
澳大利亚,ios,周,57,0.09435068,,490,,预估
澳大利亚,ios,周,58,0.09361694,,490,,预估
澳大利亚,ios,周,59,0.09290130,,490,,预估
澳大利亚,ios,周,60,0.09220303,,490,,预估
澳大利亚,ios,周,61,0.09152141,,490,,预估
澳大利亚,ios,周,62,0.09085580,,490,,预估
澳大利亚,ios,周,63,0.09020556,,490,,预估
澳大利亚,ios,周,64,0.08957011,,490,,预估
澳大利亚,ios,周,65,0.08894888,,490,,预估
澳大利亚,ios,周,66,0.08834134,,490,,预估
澳大利亚,ios,周,67,0.08774700,,490,,预估
澳大利亚,ios,周,68,0.08716538,,490,,预估
澳大利亚,ios,周,69,0.08659602,,490,,预估
澳大利亚,ios,周,70,0.08603849,,490,,预估
澳大利亚,ios,周,71,0.08549238,,490,,预估
澳大利亚,ios,周,72,0.08495730,,490,,预估
澳大利亚,ios,周,73,0.08443289,,490,,预估
澳大利亚,ios,周,74,0.08391878,,490,,预估
澳大利亚,ios,周,75,0.08341464,,490,,预估
澳大利亚,ios,周,76,0.08292015,,490,,预估
澳大利亚,ios,周,77,0.08243499,,490,,预估
澳大利亚,ios,周,78,0.08195888,,490,,预估
澳大利亚,ios,周,79,0.08149153,,490,,预估
澳大利亚,ios,周,80,0.08103268,,490,,预估
澳大利亚,ios,周,81,0.08058206,,490,,预估
澳大利亚,ios,周,82,0.08013943,,490,,预估
澳大利亚,ios,周,83,0.07970455,,490,,预估
澳大利亚,ios,周,84,0.07927720,,490,,预估
澳大利亚,ios,周,85,0.07885716,,490,,预估
澳大利亚,ios,周,86,0.07844422,,490,,预估
澳大利亚,ios,周,87,0.07803817,,490,,预估
澳大利亚,ios,周,88,0.07763884,,490,,预估
澳大利亚,ios,周,89,0.07724602,,490,,预估
澳大利亚,ios,周,90,0.07685955,,490,,预估
澳大利亚,ios,周,91,0.07647925,,490,,预估
澳大利亚,ios,周,92,0.07610496,,490,,预估
澳大利亚,ios,周,93,0.07573651,,490,,预估
澳大利亚,ios,周,94,0.07537376,,490,,预估
澳大利亚,ios,周,95,0.07501656,,490,,预估
澳大利亚,ios,周,96,0.07466477,,490,,预估
澳大利亚,ios,周,97,0.07431825,,490,,预估
澳大利亚,ios,周,98,0.07397686,,490,,预估
澳大利亚,ios,周,99,0.07364049,,490,,预估
澳大利亚,ios,周,100,0.07330900,,490,,预估
澳大利亚,ios,年,1,0.29847942,10325,34592,503,真实
澳大利亚,ios,年,2,0.16060924,1529,9520,138,真实
澳大利亚,ios,年,3,0.11177160,,34592,,预估
澳大利亚,ios,年,4,0.08642247,,34592,,预估
澳大利亚,ios,年,5,0.07079159,,34592,,预估
澳大利亚,ios,年,6,0.06014335,,34592,,预估
澳大利亚,ios,年,7,0.05240009,,34592,,预估
澳大利亚,ios,年,8,0.04650320,,34592,,预估
澳大利亚,ios,年,9,0.04185511,,34592,,预估
澳大利亚,ios,年,10,0.03809236,,34592,,预估
澳大利亚,ios,年,11,0.03498079,,34592,,预估
澳大利亚,ios,年,12,0.03236262,,34592,,预估
澳大利亚,ios,年,13,0.03012755,,34592,,预估
澳大利亚,ios,年,14,0.02819604,,34592,,预估
澳大利亚,ios,年,15,0.02650933,,34592,,预估
澳大利亚,ios,年,16,0.02502297,,34592,,预估
澳大利亚,ios,年,17,0.02370276,,34592,,预估
澳大利亚,ios,年,18,0.02252188,,34592,,预估
澳大利亚,ios,年,19,0.02145906,,34592,,预估
澳大利亚,ios,年,20,0.02049717,,34592,,预估
澳大利亚,ios,年,21,0.01962226,,34592,,预估
澳大利亚,ios,年,22,0.01882287,,34592,,预估
澳大利亚,ios,年,23,0.01808945,,34592,,预估
澳大利亚,ios,年,24,0.01741405,,34592,,预估
澳大利亚,ios,年,25,0.01678993,,34592,,预估
澳大利亚,ios,年,26,0.01621138,,34592,,预估
澳大利亚,ios,年,27,0.01567349,,34592,,预估
澳大利亚,ios,年,28,0.01517205,,34592,,预估
澳大利亚,ios,年,29,0.01470343,,34592,,预估
澳大利亚,ios,年,30,0.01426445,,34592,,预估
澳大利亚,ios,年,31,0.01385233,,34592,,预估
澳大利亚,ios,年,32,0.01346465,,34592,,预估
澳大利亚,ios,年,33,0.01309926,,34592,,预估
澳大利亚,ios,年,34,0.01275425,,34592,,预估
澳大利亚,ios,年,35,0.01242795,,34592,,预估
澳大利亚,ios,年,36,0.01211883,,34592,,预估
澳大利亚,ios,年,37,0.01182557,,34592,,预估
澳大利亚,ios,年,38,0.01154694,,34592,,预估
澳大利亚,ios,年,39,0.01128186,,34592,,预估
澳大利亚,ios,年,40,0.01102935,,34592,,预估
澳大利亚,ios,年,41,0.01078853,,34592,,预估
澳大利亚,ios,年,42,0.01055857,,34592,,预估
澳大利亚,ios,年,43,0.01033876,,34592,,预估
澳大利亚,ios,年,44,0.01012842,,34592,,预估
澳大利亚,ios,年,45,0.00992695,,34592,,预估
澳大利亚,ios,年,46,0.00973378,,34592,,预估
澳大利亚,ios,年,47,0.00954841,,34592,,预估
澳大利亚,ios,年,48,0.00937035,,34592,,预估
澳大利亚,ios,年,49,0.00919919,,34592,,预估
澳大利亚,ios,年,50,0.00903452,,34592,,预估
澳大利亚,ios,年,51,0.00887597,,34592,,预估
澳大利亚,ios,年,52,0.00872320,,34592,,预估
澳大利亚,ios,年,53,0.00857590,,34592,,预估
澳大利亚,ios,年,54,0.00843377,,34592,,预估
澳大利亚,ios,年,55,0.00829654,,34592,,预估
澳大利亚,ios,年,56,0.00816395,,34592,,预估
澳大利亚,ios,年,57,0.00803578,,34592,,预估
澳大利亚,ios,年,58,0.00791179,,34592,,预估
澳大利亚,ios,年,59,0.00779179,,34592,,预估
澳大利亚,ios,年,60,0.00767558,,34592,,预估
澳大利亚,ios,年,61,0.00756298,,34592,,预估
澳大利亚,ios,年,62,0.00745382,,34592,,预估
澳大利亚,ios,年,63,0.00734795,,34592,,预估
澳大利亚,ios,年,64,0.00724521,,34592,,预估
澳大利亚,ios,年,65,0.00714547,,34592,,预估
澳大利亚,ios,年,66,0.00704860,,34592,,预估
澳大利亚,ios,年,67,0.00695446,,34592,,预估
澳大利亚,ios,年,68,0.00686295,,34592,,预估
澳大利亚,ios,年,69,0.00677396,,34592,,预估
澳大利亚,ios,年,70,0.00668737,,34592,,预估
澳大利亚,ios,年,71,0.00660310,,34592,,预估
澳大利亚,ios,年,72,0.00652104,,34592,,预估
澳大利亚,ios,年,73,0.00644112,,34592,,预估
澳大利亚,ios,年,74,0.00636324,,34592,,预估
澳大利亚,ios,年,75,0.00628733,,34592,,预估
澳大利亚,ios,年,76,0.00621331,,34592,,预估
澳大利亚,ios,年,77,0.00614112,,34592,,预估
澳大利亚,ios,年,78,0.00607067,,34592,,预估
澳大利亚,ios,年,79,0.00600192,,34592,,预估
澳大利亚,ios,年,80,0.00593480,,34592,,预估
澳大利亚,ios,年,81,0.00586925,,34592,,预估
澳大利亚,ios,年,82,0.00580521,,34592,,预估
澳大利亚,ios,年,83,0.00574264,,34592,,预估
澳大利亚,ios,年,84,0.00568148,,34592,,预估
澳大利亚,ios,年,85,0.00562168,,34592,,预估
澳大利亚,ios,年,86,0.00556320,,34592,,预估
澳大利亚,ios,年,87,0.00550599,,34592,,预估
澳大利亚,ios,年,88,0.00545002,,34592,,预估
澳大利亚,ios,年,89,0.00539524,,34592,,预估
澳大利亚,ios,年,90,0.00534161,,34592,,预估
澳大利亚,ios,年,91,0.00528910,,34592,,预估
澳大利亚,ios,年,92,0.00523766,,34592,,预估
澳大利亚,ios,年,93,0.00518728,,34592,,预估
澳大利亚,ios,年,94,0.00513792,,34592,,预估
澳大利亚,ios,年,95,0.00508953,,34592,,预估
澳大利亚,ios,年,96,0.00504211,,34592,,预估
澳大利亚,ios,年,97,0.00499561,,34592,,预估
澳大利亚,ios,年,98,0.00495001,,34592,,预估
澳大利亚,ios,年,99,0.00490528,,34592,,预估
澳大利亚,ios,年,100,0.00486140,,34592,,预估
澳大利亚,ios,月,1,0.55221647,14388,26055,838,真实
澳大利亚,ios,月,2,0.40763322,10029,24603,807,真实
澳大利亚,ios,月,3,0.32753104,7677,23439,779,真实
澳大利亚,ios,月,4,0.27465134,6164,22443,748,真实
澳大利亚,ios,月,5,0.23798778,5062,21270,717,真实
澳大利亚,ios,月,6,0.20791095,4184,20124,687,真实
澳大利亚,ios,月,7,0.18554090,3516,18950,656,真实
澳大利亚,ios,月,8,0.16711394,2989,17886,626,真实
澳大利亚,ios,月,9,0.15133725,2552,16863,595,真实
澳大利亚,ios,月,10,0.13903303,2197,15802,564,真实
澳大利亚,ios,月,11,0.12697985,1884,14837,534,真实
澳大利亚,ios,月,12,0.11668336,1631,13978,503,真实
澳大利亚,ios,月,13,0.10636841,1398,13143,473,真实
澳大利亚,ios,月,14,0.09736027,1195,12274,442,真实
澳大利亚,ios,月,15,0.08804756,1007,11437,414,真实
澳大利亚,ios,月,16,0.09795602,,26055,,预估
澳大利亚,ios,月,17,0.09396374,,26055,,预估
澳大利亚,ios,月,18,0.09034886,,26055,,预估
澳大利亚,ios,月,19,0.08705755,,26055,,预估
澳大利亚,ios,月,20,0.08404600,,26055,,预估
澳大利亚,ios,月,21,0.08127815,,26055,,预估
澳大利亚,ios,月,22,0.07872401,,26055,,预估
澳大利亚,ios,月,23,0.07635846,,26055,,预估
澳大利亚,ios,月,24,0.07416024,,26055,,预估
澳大利亚,ios,月,25,0.07211124,,26055,,预估
澳大利亚,ios,月,26,0.07019597,,26055,,预估
澳大利亚,ios,月,27,0.06840103,,26055,,预估
澳大利亚,ios,月,28,0.06671481,,26055,,预估
澳大利亚,ios,月,29,0.06512719,,26055,,预估
澳大利亚,ios,月,30,0.06362928,,26055,,预估
澳大利亚,ios,月,31,0.06221328,,26055,,预估
澳大利亚,ios,月,32,0.06087228,,26055,,预估
澳大利亚,ios,月,33,0.05960013,,26055,,预估
澳大利亚,ios,月,34,0.05839138,,26055,,预估
澳大利亚,ios,月,35,0.05724113,,26055,,预估
澳大利亚,ios,月,36,0.05614500,,26055,,预估
澳大利亚,ios,月,37,0.05509904,,26055,,预估
澳大利亚,ios,月,38,0.05409970,,26055,,预估
澳大利亚,ios,月,39,0.05314374,,26055,,预估
澳大利亚,ios,月,40,0.05222825,,26055,,预估
澳大利亚,ios,月,41,0.05135056,,26055,,预估
澳大利亚,ios,月,42,0.05050824,,26055,,预估
澳大利亚,ios,月,43,0.04969907,,26055,,预估
澳大利亚,ios,月,44,0.04892104,,26055,,预估
澳大利亚,ios,月,45,0.04817226,,26055,,预估
澳大利亚,ios,月,46,0.04745102,,26055,,预估
澳大利亚,ios,月,47,0.04675575,,26055,,预估
澳大利亚,ios,月,48,0.04608499,,26055,,预估
澳大利亚,ios,月,49,0.04543739,,26055,,预估
澳大利亚,ios,月,50,0.04481170,,26055,,预估
澳大利亚,ios,月,51,0.04420676,,26055,,预估
澳大利亚,ios,月,52,0.04362150,,26055,,预估
澳大利亚,ios,月,53,0.04305492,,26055,,预估
澳大利亚,ios,月,54,0.04250608,,26055,,预估
澳大利亚,ios,月,55,0.04197412,,26055,,预估
澳大利亚,ios,月,56,0.04145822,,26055,,预估
澳大利亚,ios,月,57,0.04095763,,26055,,预估
澳大利亚,ios,月,58,0.04047163,,26055,,预估
澳大利亚,ios,月,59,0.03999956,,26055,,预估
澳大利亚,ios,月,60,0.03954080,,26055,,预估
澳大利亚,ios,月,61,0.03909475,,26055,,预估
澳大利亚,ios,月,62,0.03866086,,26055,,预估
澳大利亚,ios,月,63,0.03823862,,26055,,预估
澳大利亚,ios,月,64,0.03782753,,26055,,预估
澳大利亚,ios,月,65,0.03742713,,26055,,预估
澳大利亚,ios,月,66,0.03703698,,26055,,预估
澳大利亚,ios,月,67,0.03665668,,26055,,预估
澳大利亚,ios,月,68,0.03628583,,26055,,预估
澳大利亚,ios,月,69,0.03592407,,26055,,预估
澳大利亚,ios,月,70,0.03557104,,26055,,预估
澳大利亚,ios,月,71,0.03522642,,26055,,预估
澳大利亚,ios,月,72,0.03488988,,26055,,预估
澳大利亚,ios,月,73,0.03456114,,26055,,预估
澳大利亚,ios,月,74,0.03423990,,26055,,预估
澳大利亚,ios,月,75,0.03392590,,26055,,预估
澳大利亚,ios,月,76,0.03361888,,26055,,预估
澳大利亚,ios,月,77,0.03331860,,26055,,预估
澳大利亚,ios,月,78,0.03302483,,26055,,预估
澳大利亚,ios,月,79,0.03273734,,26055,,预估
澳大利亚,ios,月,80,0.03245592,,26055,,预估
澳大利亚,ios,月,81,0.03218037,,26055,,预估
澳大利亚,ios,月,82,0.03191050,,26055,,预估
澳大利亚,ios,月,83,0.03164612,,26055,,预估
澳大利亚,ios,月,84,0.03138706,,26055,,预估
澳大利亚,ios,月,85,0.03113315,,26055,,预估
澳大利亚,ios,月,86,0.03088423,,26055,,预估
澳大利亚,ios,月,87,0.03064014,,26055,,预估
澳大利亚,ios,月,88,0.03040073,,26055,,预估
澳大利亚,ios,月,89,0.03016587,,26055,,预估
澳大利亚,ios,月,90,0.02993542,,26055,,预估
澳大利亚,ios,月,91,0.02970925,,26055,,预估
澳大利亚,ios,月,92,0.02948723,,26055,,预估
澳大利亚,ios,月,93,0.02926924,,26055,,预估
澳大利亚,ios,月,94,0.02905517,,26055,,预估
澳大利亚,ios,月,95,0.02884491,,26055,,预估
澳大利亚,ios,月,96,0.02863835,,26055,,预估
澳大利亚,ios,月,97,0.02843538,,26055,,预估
澳大利亚,ios,月,98,0.02823591,,26055,,预估
澳大利亚,ios,月,99,0.02803984,,26055,,预估
澳大利亚,ios,月,100,0.02784709,,26055,,预估
美国,android,周,1,0.59157088,2316,3915,121,真实
美国,android,周,2,0.42737664,1533,3587,114,真实
美国,android,周,3,0.33587553,1101,3278,107,真实
美国,android,周,4,0.27827828,834,2997,100,真实
美国,android,周,5,0.24072032,655,2721,93,真实
美国,android,周,6,0.22303050,,3915,,预估
美国,android,周,7,0.20460802,,3915,,预估
美国,android,周,8,0.18988439,,3915,,预估
美国,android,周,9,0.17777922,,3915,,预估
美国,android,周,10,0.16760618,,3915,,预估
美国,android,周,11,0.15890595,,3915,,预估
美国,android,周,12,0.15135822,,3915,,预估
美国,android,周,13,0.14473197,,3915,,预估
美国,android,周,14,0.13885592,,3915,,预估
美国,android,周,15,0.13360009,,3915,,预估
美国,android,周,16,0.12886383,,3915,,预估
美国,android,周,17,0.12456784,,3915,,预估
美国,android,周,18,0.12064873,,3915,,预估
美国,android,周,19,0.11705511,,3915,,预估
美国,android,周,20,0.11374486,,3915,,预估
美国,android,周,21,0.11068306,,3915,,预估
美国,android,周,22,0.10784051,,3915,,预估
美国,android,周,23,0.10519257,,3915,,预估
美国,android,周,24,0.10271829,,3915,,预估
美国,android,周,25,0.10039973,,3915,,预估
美国,android,周,26,0.09822142,,3915,,预估
美国,android,周,27,0.09616997,,3915,,预估
美国,android,周,28,0.09423368,,3915,,预估
美国,android,周,29,0.09240231,,3915,,预估
美国,android,周,30,0.09066685,,3915,,预估
美国,android,周,31,0.08901931,,3915,,预估
美国,android,周,32,0.08745261,,3915,,预估
美国,android,周,33,0.08596045,,3915,,预估
美国,android,周,34,0.08453717,,3915,,预估
美国,android,周,35,0.08317770,,3915,,预估
美国,android,周,36,0.08187749,,3915,,预估
美国,android,周,37,0.08063240,,3915,,预估
美国,android,周,38,0.07943870,,3915,,预估
美国,android,周,39,0.07829301,,3915,,预估
美国,android,周,40,0.07719222,,3915,,预估
美国,android,周,41,0.07613353,,3915,,预估
美国,android,周,42,0.07511435,,3915,,预估
美国,android,周,43,0.07413232,,3915,,预估
美国,android,周,44,0.07318527,,3915,,预估
美国,android,周,45,0.07227120,,3915,,预估
美国,android,周,46,0.07138826,,3915,,预估
美国,android,周,47,0.07053476,,3915,,预估
美国,android,周,48,0.06970911,,3915,,预估
美国,android,周,49,0.06890985,,3915,,预估
美国,android,周,50,0.06813563,,3915,,预估
美国,android,周,51,0.06738519,,3915,,预估
美国,android,周,52,0.06665734,,3915,,预估
美国,android,周,53,0.06595100,,3915,,预估
美国,android,周,54,0.06526514,,3915,,预估
美国,android,周,55,0.06459880,,3915,,预估
美国,android,周,56,0.06395109,,3915,,预估
美国,android,周,57,0.06332116,,3915,,预估
美国,android,周,58,0.06270824,,3915,,预估
美国,android,周,59,0.06211158,,3915,,预估
美国,android,周,60,0.06153048,,3915,,预估
美国,android,周,61,0.06096428,,3915,,预估
美国,android,周,62,0.06041238,,3915,,预估
美国,android,周,63,0.05987419,,3915,,预估
美国,android,周,64,0.05934915,,3915,,预估
美国,android,周,65,0.05883676,,3915,,预估
美国,android,周,66,0.05833651,,3915,,预估
美国,android,周,67,0.05784794,,3915,,预估
美国,android,周,68,0.05737061,,3915,,预估
美国,android,周,69,0.05690410,,3915,,预估
美国,android,周,70,0.05644802,,3915,,预估
美国,android,周,71,0.05600198,,3915,,预估
美国,android,周,72,0.05556563,,3915,,预估
美国,android,周,73,0.05513863,,3915,,预估
美国,android,周,74,0.05472066,,3915,,预估
美国,android,周,75,0.05431140,,3915,,预估
美国,android,周,76,0.05391057,,3915,,预估
美国,android,周,77,0.05351787,,3915,,预估
美国,android,周,78,0.05313305,,3915,,预估
美国,android,周,79,0.05275584,,3915,,预估
美国,android,周,80,0.05238601,,3915,,预估
美国,android,周,81,0.05202331,,3915,,预估
美国,android,周,82,0.05166753,,3915,,预估
美国,android,周,83,0.05131845,,3915,,预估
美国,android,周,84,0.05097587,,3915,,预估
美国,android,周,85,0.05063959,,3915,,预估
美国,android,周,86,0.05030942,,3915,,预估
美国,android,周,87,0.04998519,,3915,,预估
美国,android,周,88,0.04966672,,3915,,预估
美国,android,周,89,0.04935383,,3915,,预估
美国,android,周,90,0.04904639,,3915,,预估
美国,android,周,91,0.04874422,,3915,,预估
美国,android,周,92,0.04844719,,3915,,预估
美国,android,周,93,0.04815515,,3915,,预估
美国,android,周,94,0.04786796,,3915,,预估
美国,android,周,95,0.04758550,,3915,,预估
美国,android,周,96,0.04730764,,3915,,预估
美国,android,周,97,0.04703425,,3915,,预估
美国,android,周,98,0.04676523,,3915,,预估
美国,android,周,99,0.04650045,,3915,,预估
美国,android,周,100,0.04623981,,3915,,预估
美国,android,年,1,0.43578099,13626,31268,503,真实
美国,android,年,2,0.25815923,2286,8855,138,真实
美国,android,年,3,0.19005466,,31268,,预估
美国,android,年,4,0.15293505,,31268,,预估
美国,android,年,5,0.12921318,,31268,,预估
美国,android,年,6,0.11258950,,31268,,预估
美国,android,年,7,0.10021441,,31268,,预估
美国,android,年,8,0.09059963,,31268,,预估
美国,android,年,9,0.08288745,,31268,,预估
美国,android,年,10,0.07654665,,31268,,预估
美国,android,年,11,0.07122961,,31268,,预估
美国,android,年,12,0.06669868,,31268,,预估
美国,android,年,13,0.06278559,,31268,,预估
美国,android,年,14,0.05936761,,31268,,预估
美国,android,年,15,0.05635300,,31268,,预估
美国,android,年,16,0.05367175,,31268,,预估
美国,android,年,17,0.05126942,,31268,,预估
美国,android,年,18,0.04910301,,31268,,预估
美国,android,年,19,0.04713808,,31268,,预估
美国,android,年,20,0.04534669,,31268,,预估
美国,android,年,21,0.04370593,,31268,,预估
美国,android,年,22,0.04219684,,31268,,预估
美国,android,年,23,0.04080355,,31268,,预估
美国,android,年,24,0.03951269,,31268,,预估
美国,android,年,25,0.03831293,,31268,,预估
美国,android,年,26,0.03719455,,31268,,预估
美国,android,年,27,0.03614923,,31268,,预估
美国,android,年,28,0.03516972,,31268,,预估
美国,android,年,29,0.03424976,,31268,,预估
美国,android,年,30,0.03338385,,31268,,预估
美国,android,年,31,0.03256717,,31268,,预估
美国,android,年,32,0.03179546,,31268,,预估
美国,android,年,33,0.03106496,,31268,,预估
美国,android,年,34,0.03037231,,31268,,预估
美国,android,年,35,0.02971452,,31268,,预估
美国,android,年,36,0.02908891,,31268,,预估
美国,android,年,37,0.02849309,,31268,,预估
美国,android,年,38,0.02792488,,31268,,预估
美国,android,年,39,0.02738232,,31268,,预估
美国,android,年,40,0.02686365,,31268,,预估
美国,android,年,41,0.02636725,,31268,,预估
美国,android,年,42,0.02589165,,31268,,预估
美国,android,年,43,0.02543553,,31268,,预估
美国,android,年,44,0.02499766,,31268,,预估
美国,android,年,45,0.02457691,,31268,,预估
美国,android,年,46,0.02417226,,31268,,预估
美国,android,年,47,0.02378277,,31268,,预估
美国,android,年,48,0.02340755,,31268,,预估
美国,android,年,49,0.02304581,,31268,,预估
美国,android,年,50,0.02269681,,31268,,预估
美国,android,年,51,0.02235984,,31268,,预估
美国,android,年,52,0.02203427,,31268,,预估
美国,android,年,53,0.02171952,,31268,,预估
美国,android,年,54,0.02141501,,31268,,预估
美国,android,年,55,0.02112025,,31268,,预估
美国,android,年,56,0.02083475,,31268,,预估
美国,android,年,57,0.02055806,,31268,,预估
美国,android,年,58,0.02028976,,31268,,预估
美国,android,年,59,0.02002946,,31268,,预估
美国,android,年,60,0.01977679,,31268,,预估
美国,android,年,61,0.01953141,,31268,,预估
美国,android,年,62,0.01929298,,31268,,预估
美国,android,年,63,0.01906122,,31268,,预估
美国,android,年,64,0.01883582,,31268,,预估
美国,android,年,65,0.01861652,,31268,,预估
美国,android,年,66,0.01840307,,31268,,预估
美国,android,年,67,0.01819521,,31268,,预估
美国,android,年,68,0.01799273,,31268,,预估
美国,android,年,69,0.01779542,,31268,,预估
美国,android,年,70,0.01760306,,31268,,预估
美国,android,年,71,0.01741546,,31268,,预估
美国,android,年,72,0.01723244,,31268,,预估
美国,android,年,73,0.01705384,,31268,,预估
美国,android,年,74,0.01687947,,31268,,预估
美国,android,年,75,0.01670920,,31268,,预估
美国,android,年,76,0.01654286,,31268,,预估
美国,android,年,77,0.01638032,,31268,,预估
美国,android,年,78,0.01622145,,31268,,预估
美国,android,年,79,0.01606611,,31268,,预估
美国,android,年,80,0.01591418,,31268,,预估
美国,android,年,81,0.01576555,,31268,,预估
美国,android,年,82,0.01562011,,31268,,预估
美国,android,年,83,0.01547775,,31268,,预估
美国,android,年,84,0.01533837,,31268,,预估
美国,android,年,85,0.01520187,,31268,,预估
美国,android,年,86,0.01506816,,31268,,预估
美国,android,年,87,0.01493715,,31268,,预估
美国,android,年,88,0.01480876,,31268,,预估
美国,android,年,89,0.01468290,,31268,,预估
美国,android,年,90,0.01455951,,31268,,预估
美国,android,年,91,0.01443849,,31268,,预估
美国,android,年,92,0.01431979,,31268,,预估
美国,android,年,93,0.01420333,,31268,,预估
美国,android,年,94,0.01408905,,31268,,预估
美国,android,年,95,0.01397689,,31268,,预估
美国,android,年,96,0.01386677,,31268,,预估
美国,android,年,97,0.01375865,,31268,,预估
美国,android,年,98,0.01365248,,31268,,预估
美国,android,年,99,0.01354818,,31268,,预估
美国,android,年,100,0.01344572,,31268,,预估
美国,android,月,1,0.59611820,27980,46937,837,真实
美国,android,月,2,0.44254237,20707,46791,806,真实
美国,android,月,3,0.35554507,16578,46627,778,真实
美国,android,月,4,0.29777739,13679,45937,747,真实
美国,android,月,5,0.25909530,11530,44501,716,真实
美国,android,月,6,0.22883253,9816,42896,686,真实
美国,android,月,7,0.20544307,8432,41043,655,真实
美国,android,月,8,0.18470819,7257,39289,625,真实
美国,android,月,9,0.16795639,6316,37605,594,真实
美国,android,月,10,0.15346797,5494,35799,564,真实
美国,android,月,11,0.14247756,4826,33872,534,真实
美国,android,月,12,0.13254713,4226,31883,503,真实
美国,android,月,13,0.12211067,3661,29981,473,真实
美国,android,月,14,0.11447644,3224,28163,442,真实
美国,android,月,15,0.10797361,2864,26525,414,真实
美国,android,月,16,0.10136249,2522,24881,383,真实
美国,android,月,17,0.09524631,2208,23182,352,真实
美国,android,月,18,0.08882161,1907,21470,322,真实
美国,android,月,19,0.08265348,1621,19612,291,真实
美国,android,月,20,0.07768613,1394,17944,261,真实
美国,android,月,21,0.07308168,1181,16160,230,真实
美国,android,月,22,0.08203047,,46937,,预估
美国,android,月,23,0.07945991,,46937,,预估
美国,android,月,24,0.07707429,,46937,,预估
美国,android,月,25,0.07485340,,46937,,预估
美国,android,月,26,0.07277992,,46937,,预估
美国,android,月,27,0.07083895,,46937,,预估
美国,android,月,28,0.06901756,,46937,,预估
美国,android,月,29,0.06730451,,46937,,预估
美国,android,月,30,0.06568993,,46937,,预估
美国,android,月,31,0.06416515,,46937,,预估
美国,android,月,32,0.06272252,,46937,,预估
美国,android,月,33,0.06135524,,46937,,预估
美国,android,月,34,0.06005728,,46937,,预估
美国,android,月,35,0.05882322,,46937,,预估
美国,android,月,36,0.05764824,,46937,,预估
美国,android,月,37,0.05652796,,46937,,预估
美国,android,月,38,0.05545848,,46937,,预估
美国,android,月,39,0.05443623,,46937,,预估
美国,android,月,40,0.05345800,,46937,,预估
美国,android,月,41,0.05252086,,46937,,预估
美国,android,月,42,0.05162215,,46937,,预估
美国,android,月,43,0.05075943,,46937,,预估
美国,android,月,44,0.04993047,,46937,,预估
美国,android,月,45,0.04913322,,46937,,预估
美国,android,月,46,0.04836582,,46937,,预估
美国,android,月,47,0.04762652,,46937,,预估
美国,android,月,48,0.04691373,,46937,,预估
美国,android,月,49,0.04622598,,46937,,预估
美国,android,月,50,0.04556191,,46937,,预估
美国,android,月,51,0.04492025,,46937,,预估
美国,android,月,52,0.04429982,,46937,,预估
美国,android,月,53,0.04369954,,46937,,预估
美国,android,月,54,0.04311839,,46937,,预估
美国,android,月,55,0.04255542,,46937,,预估
美国,android,月,56,0.04200974,,46937,,预估
美国,android,月,57,0.04148054,,46937,,预估
美国,android,月,58,0.04096704,,46937,,预估
美国,android,月,59,0.04046851,,46937,,预估
美国,android,月,60,0.03998427,,46937,,预估
美国,android,月,61,0.03951369,,46937,,预估
美国,android,月,62,0.03905617,,46937,,预估
美国,android,月,63,0.03861114,,46937,,预估
美国,android,月,64,0.03817806,,46937,,预估
美国,android,月,65,0.03775645,,46937,,预估
美国,android,月,66,0.03734583,,46937,,预估
美国,android,月,67,0.03694575,,46937,,预估
美国,android,月,68,0.03655578,,46937,,预估
美国,android,月,69,0.03617554,,46937,,预估
美国,android,月,70,0.03580464,,46937,,预估
美国,android,月,71,0.03544272,,46937,,预估
美国,android,月,72,0.03508944,,46937,,预估
美国,android,月,73,0.03474449,,46937,,预估
美国,android,月,74,0.03440755,,46937,,预估
美国,android,月,75,0.03407834,,46937,,预估
美国,android,月,76,0.03375657,,46937,,预估
美国,android,月,77,0.03344199,,46937,,预估
美国,android,月,78,0.03313435,,46937,,预估
美国,android,月,79,0.03283340,,46937,,预估
美国,android,月,80,0.03253892,,46937,,预估
美国,android,月,81,0.03225069,,46937,,预估
美国,android,月,82,0.03196850,,46937,,预估
美国,android,月,83,0.03169216,,46937,,预估
美国,android,月,84,0.03142147,,46937,,预估
美国,android,月,85,0.03115626,,46937,,预估
美国,android,月,86,0.03089635,,46937,,预估
美国,android,月,87,0.03064157,,46937,,预估
美国,android,月,88,0.03039177,,46937,,预估
美国,android,月,89,0.03014680,,46937,,预估
美国,android,月,90,0.02990651,,46937,,预估
美国,android,月,91,0.02967075,,46937,,预估
美国,android,月,92,0.02943940,,46937,,预估
美国,android,月,93,0.02921232,,46937,,预估
美国,android,月,94,0.02898940,,46937,,预估
美国,android,月,95,0.02877051,,46937,,预估
美国,android,月,96,0.02855554,,46937,,预估
美国,android,月,97,0.02834438,,46937,,预估
美国,android,月,98,0.02813692,,46937,,预估
美国,android,月,99,0.02793307,,46937,,预估
美国,android,月,100,0.02773271,,46937,,预估
美国,ios,周,1,0.53466118,21958,41069,120,真实
美国,ios,周,2,0.39061617,14511,37149,113,真实
美国,ios,周,3,0.31744658,10637,33508,106,真实
美国,ios,周,4,0.26897355,8084,30055,99,真实
美国,ios,周,5,0.23774135,6366,26777,92,真实
美国,ios,周,6,0.21173117,4902,23152,85,真实
美国,ios,周,7,0.19244451,3841,19959,78,真实
美国,ios,周,8,0.17810916,2986,16765,71,真实
美国,ios,周,9,0.16465390,2236,13580,64,真实
美国,ios,周,10,0.15245672,1629,10685,57,真实
美国,ios,周,11,0.14303104,1175,8215,50,真实
美国,ios,周,12,0.14172740,,41069,,预估
美国,ios,周,13,0.13555012,,41069,,预估
美国,ios,周,14,0.13007114,,41069,,预估
美国,ios,周,15,0.12516959,,41069,,预估
美国,ios,周,16,0.12075183,,41069,,预估
美国,ios,周,17,0.11674412,,41069,,预估
美国,ios,周,18,0.11308744,,41069,,预估
美国,ios,周,19,0.10973400,,41069,,预估
美国,ios,周,20,0.10664457,,41069,,预估
美国,ios,周,21,0.10378666,,41069,,预估
美国,ios,周,22,0.10113308,,41069,,预估
美国,ios,周,23,0.09866089,,41069,,预估
美国,ios,周,24,0.09635057,,41069,,预估
美国,ios,周,25,0.09418544,,41069,,预估
美国,ios,周,26,0.09215107,,41069,,预估
美国,ios,周,27,0.09023499,,41069,,预估
美国,ios,周,28,0.08842630,,41069,,预估
美国,ios,周,29,0.08671546,,41069,,预估
美国,ios,周,30,0.08509407,,41069,,预估
美国,ios,周,31,0.08355470,,41069,,预估
美国,ios,周,32,0.08209075,,41069,,预估
美国,ios,周,33,0.08069633,,41069,,预估
美国,ios,周,34,0.07936618,,41069,,预估
美国,ios,周,35,0.07809558,,41069,,预估
美国,ios,周,36,0.07688027,,41069,,预估
美国,ios,周,37,0.07571640,,41069,,预估
美国,ios,周,38,0.07460049,,41069,,预估
美国,ios,周,39,0.07352939,,41069,,预估
美国,ios,周,40,0.07250021,,41069,,预估
美国,ios,周,41,0.07151031,,41069,,预估
美国,ios,周,42,0.07055731,,41069,,预估
美国,ios,周,43,0.06963899,,41069,,预估
美国,ios,周,44,0.06875333,,41069,,预估
美国,ios,周,45,0.06789846,,41069,,预估
美国,ios,周,46,0.06707266,,41069,,预估
美国,ios,周,47,0.06627434,,41069,,预估
美国,ios,周,48,0.06550204,,41069,,预估
美国,ios,周,49,0.06475438,,41069,,预估
美国,ios,周,50,0.06403011,,41069,,预估
美国,ios,周,51,0.06332804,,41069,,预估
美国,ios,周,52,0.06264709,,41069,,预估
美国,ios,周,53,0.06198622,,41069,,预估
美国,ios,周,54,0.06134448,,41069,,预估
美国,ios,周,55,0.06072097,,41069,,预估
美国,ios,周,56,0.06011487,,41069,,预估
美国,ios,周,57,0.05952539,,41069,,预估
美国,ios,周,58,0.05895180,,41069,,预估
美国,ios,周,59,0.05839339,,41069,,预估
美国,ios,周,60,0.05784953,,41069,,预估
美国,ios,周,61,0.05731959,,41069,,预估
美国,ios,周,62,0.05680302,,41069,,预估
美国,ios,周,63,0.05629925,,41069,,预估
美国,ios,周,64,0.05580778,,41069,,预估
美国,ios,周,65,0.05532812,,41069,,预估
美国,ios,周,66,0.05485981,,41069,,预估
美国,ios,周,67,0.05440242,,41069,,预估
美国,ios,周,68,0.05395553,,41069,,预估
美国,ios,周,69,0.05351876,,41069,,预估
美国,ios,周,70,0.05309174,,41069,,预估
美国,ios,周,71,0.05267411,,41069,,预估
美国,ios,周,72,0.05226553,,41069,,预估
美国,ios,周,73,0.05186570,,41069,,预估
美国,ios,周,74,0.05147430,,41069,,预估
美国,ios,周,75,0.05109105,,41069,,预估
美国,ios,周,76,0.05071567,,41069,,预估
美国,ios,周,77,0.05034791,,41069,,预估
美国,ios,周,78,0.04998750,,41069,,预估
美国,ios,周,79,0.04963422,,41069,,预估
美国,ios,周,80,0.04928783,,41069,,预估
美国,ios,周,81,0.04894812,,41069,,预估
美国,ios,周,82,0.04861488,,41069,,预估
美国,ios,周,83,0.04828790,,41069,,预估
美国,ios,周,84,0.04796700,,41069,,预估
美国,ios,周,85,0.04765199,,41069,,预估
美国,ios,周,86,0.04734269,,41069,,预估
美国,ios,周,87,0.04703895,,41069,,预估
美国,ios,周,88,0.04674059,,41069,,预估
美国,ios,周,89,0.04644747,,41069,,预估
美国,ios,周,90,0.04615942,,41069,,预估
美国,ios,周,91,0.04587632,,41069,,预估
美国,ios,周,92,0.04559802,,41069,,预估
美国,ios,周,93,0.04532439,,41069,,预估
美国,ios,周,94,0.04505530,,41069,,预估
美国,ios,周,95,0.04479063,,41069,,预估
美国,ios,周,96,0.04453027,,41069,,预估
美国,ios,周,97,0.04427409,,41069,,预估
美国,ios,周,98,0.04402199,,41069,,预估
美国,ios,周,99,0.04377386,,41069,,预估
美国,ios,周,100,0.04352961,,41069,,预估
美国,ios,年,1,0.29763234,109818,368972,503,真实
美国,ios,年,2,0.17851799,17659,98920,138,真实
美国,ios,年,3,0.13237970,,368972,,预估
美国,ios,年,4,0.10707396,,368972,,预估
美国,ios,年,5,0.09082730,,368972,,预估
美国,ios,年,6,0.07940051,,368972,,预估
美国,ios,年,7,0.07086839,,368972,,预估
美国,ios,年,8,0.06422228,,368972,,预估
美国,ios,年,9,0.05887931,,368972,,预估
美国,ios,年,10,0.05447764,,368972,,预估
美国,ios,年,11,0.05078001,,368972,,预估
美国,ios,年,12,0.04762392,,368972,,预估
美国,ios,年,13,0.04489412,,368972,,预估
美国,ios,年,14,0.04250641,,368972,,预估
美国,ios,年,15,0.04039780,,368972,,预估
美国,ios,年,16,0.03852012,,368972,,预估
美国,ios,年,17,0.03683588,,368972,,预估
美国,ios,年,18,0.03531544,,368972,,预估
美国,ios,年,19,0.03393502,,368972,,预估
美国,ios,年,20,0.03267534,,368972,,预估
美国,ios,年,21,0.03152056,,368972,,预估
美国,ios,年,22,0.03045753,,368972,,预估
美国,ios,年,23,0.02947527,,368972,,预估
美国,ios,年,24,0.02856453,,368972,,预估
美国,ios,年,25,0.02771742,,368972,,预估
美国,ios,年,26,0.02692721,,368972,,预估
美国,ios,年,27,0.02618810,,368972,,预估
美国,ios,年,28,0.02549508,,368972,,预估
美国,ios,年,29,0.02484377,,368972,,预估
美国,ios,年,30,0.02423034,,368972,,预估
美国,ios,年,31,0.02365145,,368972,,预估
美国,ios,年,32,0.02310412,,368972,,预估
美国,ios,年,33,0.02258573,,368972,,预估
美国,ios,年,34,0.02209393,,368972,,预估
美国,ios,年,35,0.02162663,,368972,,预估
美国,ios,年,36,0.02118197,,368972,,预估
美国,ios,年,37,0.02075827,,368972,,预估
美国,ios,年,38,0.02035401,,368972,,预估
美国,ios,年,39,0.01996782,,368972,,预估
美国,ios,年,40,0.01959846,,368972,,预估
美国,ios,年,41,0.01924481,,368972,,预估
美国,ios,年,42,0.01890583,,368972,,预估
美国,ios,年,43,0.01858059,,368972,,预估
美国,ios,年,44,0.01826823,,368972,,预估
美国,ios,年,45,0.01796797,,368972,,预估
美国,ios,年,46,0.01767908,,368972,,预估
美国,ios,年,47,0.01740090,,368972,,预估
美国,ios,年,48,0.01713282,,368972,,预估
美国,ios,年,49,0.01687427,,368972,,预估
美国,ios,年,50,0.01662473,,368972,,预估
美国,ios,年,51,0.01638371,,368972,,预估
美国,ios,年,52,0.01615077,,368972,,预估
美国,ios,年,53,0.01592548,,368972,,预估
美国,ios,年,54,0.01570746,,368972,,预估
美国,ios,年,55,0.01549634,,368972,,预估
美国,ios,年,56,0.01529178,,368972,,预估
美国,ios,年,57,0.01509348,,368972,,预估
美国,ios,年,58,0.01490113,,368972,,预估
美国,ios,年,59,0.01471446,,368972,,预估
美国,ios,年,60,0.01453321,,368972,,预估
美国,ios,年,61,0.01435713,,368972,,预估
美国,ios,年,62,0.01418599,,368972,,预估
美国,ios,年,63,0.01401958,,368972,,预估
美国,ios,年,64,0.01385771,,368972,,预估
美国,ios,年,65,0.01370016,,368972,,预估
美国,ios,年,66,0.01354678,,368972,,预估
美国,ios,年,67,0.01339737,,368972,,预估
美国,ios,年,68,0.01325180,,368972,,预估
美国,ios,年,69,0.01310989,,368972,,预估
美国,ios,年,70,0.01297152,,368972,,预估
美国,ios,年,71,0.01283653,,368972,,预估
美国,ios,年,72,0.01270481,,368972,,预估
美国,ios,年,73,0.01257623,,368972,,预估
美国,ios,年,74,0.01245068,,368972,,预估
美国,ios,年,75,0.01232804,,368972,,预估
美国,ios,年,76,0.01220821,,368972,,预估
美国,ios,年,77,0.01209108,,368972,,预估
美国,ios,年,78,0.01197657,,368972,,预估
美国,ios,年,79,0.01186459,,368972,,预估
美国,ios,年,80,0.01175503,,368972,,预估
美国,ios,年,81,0.01164784,,368972,,预估
美国,ios,年,82,0.01154291,,368972,,预估
美国,ios,年,83,0.01144019,,368972,,预估
美国,ios,年,84,0.01133960,,368972,,预估
美国,ios,年,85,0.01124106,,368972,,预估
美国,ios,年,86,0.01114452,,368972,,预估
美国,ios,年,87,0.01104991,,368972,,预估
美国,ios,年,88,0.01095717,,368972,,预估
美国,ios,年,89,0.01086624,,368972,,预估
美国,ios,年,90,0.01077707,,368972,,预估
美国,ios,年,91,0.01068961,,368972,,预估
美国,ios,年,92,0.01060380,,368972,,预估
美国,ios,年,93,0.01051960,,368972,,预估
美国,ios,年,94,0.01043695,,368972,,预估
美国,ios,年,95,0.01035582,,368972,,预估
美国,ios,年,96,0.01027616,,368972,,预估
美国,ios,年,97,0.01019792,,368972,,预估
美国,ios,年,98,0.01012108,,368972,,预估
美国,ios,年,99,0.01004559,,368972,,预估
美国,ios,年,100,0.00997141,,368972,,预估
美国,ios,月,1,0.54849622,118524,216089,838,真实
美国,ios,月,2,0.41241636,88267,214024,807,真实
美国,ios,月,3,0.33476623,71101,212390,779,真实
美国,ios,月,4,0.28278403,58482,206808,748,真实
美国,ios,月,5,0.24514381,48676,198561,717,真实
美国,ios,月,6,0.21686165,41318,190527,687,真实
美国,ios,月,7,0.19490012,35358,181416,656,真实
美国,ios,月,8,0.17608147,30398,172636,626,真实
美国,ios,月,9,0.16092433,26254,163145,595,真实
美国,ios,月,10,0.14787629,22564,152587,564,真实
美国,ios,月,11,0.13684233,19517,142624,534,真实
美国,ios,月,12,0.12788943,16869,131903,503,真实
美国,ios,月,13,0.11924161,14723,123472,473,真实
美国,ios,月,14,0.11222893,12762,113714,442,真实
美国,ios,月,15,0.10524219,11096,105433,414,真实
美国,ios,月,16,0.09798565,9612,98096,383,真实
美国,ios,月,17,0.09195857,8372,91041,352,真实
美国,ios,月,18,0.08726662,7170,82162,322,真实
美国,ios,月,19,0.08243368,5994,72713,291,真实
美国,ios,月,20,0.07679973,4981,64857,261,真实
美国,ios,月,21,0.07160858,4035,56348,230,真实
美国,ios,月,22,0.06712440,3236,48209,199,真实
美国,ios,月,23,0.06250914,2566,41050,169,真实
美国,ios,月,24,0.05975810,2001,33485,138,真实
美国,ios,月,25,0.05454137,1455,26677,108,真实
美国,ios,月,26,0.06606814,,216089,,预估
美国,ios,月,27,0.06424558,,216089,,预估
美国,ios,月,28,0.06253689,,216089,,预估
美国,ios,月,29,0.06093127,,216089,,预估
美国,ios,月,30,0.05941924,,216089,,预估
美国,ios,月,31,0.05799250,,216089,,预估
美国,ios,月,32,0.05664372,,216089,,预估
美国,ios,月,33,0.05536639,,216089,,预估
美国,ios,月,34,0.05415472,,216089,,预估
美国,ios,月,35,0.05300357,,216089,,预估
美国,ios,月,36,0.05190829,,216089,,预估
美国,ios,月,37,0.05086474,,216089,,预估
美国,ios,月,38,0.04986917,,216089,,预估
美国,ios,月,39,0.04891820,,216089,,预估
美国,ios,月,40,0.04800877,,216089,,预估
美国,ios,月,41,0.04713807,,216089,,预估
美国,ios,月,42,0.04630359,,216089,,预估
美国,ios,月,43,0.04550301,,216089,,预估
美国,ios,月,44,0.04473420,,216089,,预估
美国,ios,月,45,0.04399522,,216089,,预估
美国,ios,月,46,0.04328429,,216089,,预估
美国,ios,月,47,0.04259978,,216089,,预估
美国,ios,月,48,0.04194017,,216089,,预估
美国,ios,月,49,0.04130405,,216089,,预估
美国,ios,月,50,0.04069015,,216089,,预估
美国,ios,月,51,0.04009726,,216089,,预估
美国,ios,月,52,0.03952428,,216089,,预估
美国,ios,月,53,0.03897016,,216089,,预估
美国,ios,月,54,0.03843396,,216089,,预估
美国,ios,月,55,0.03791477,,216089,,预估
美国,ios,月,56,0.03741176,,216089,,预估
美国,ios,月,57,0.03692415,,216089,,预估
美国,ios,月,58,0.03645122,,216089,,预估
美国,ios,月,59,0.03599227,,216089,,预估
美国,ios,月,60,0.03554667,,216089,,预估
美国,ios,月,61,0.03511382,,216089,,预估
美国,ios,月,62,0.03469315,,216089,,预估
美国,ios,月,63,0.03428413,,216089,,预估
美国,ios,月,64,0.03388626,,216089,,预估
美国,ios,月,65,0.03349907,,216089,,预估
美国,ios,月,66,0.03312211,,216089,,预估
美国,ios,月,67,0.03275497,,216089,,预估
美国,ios,月,68,0.03239725,,216089,,预估
美国,ios,月,69,0.03204858,,216089,,预估
美国,ios,月,70,0.03170859,,216089,,预估
美国,ios,月,71,0.03137695,,216089,,预估
美国,ios,月,72,0.03105336,,216089,,预估
美国,ios,月,73,0.03073749,,216089,,预估
美国,ios,月,74,0.03042907,,216089,,预估
美国,ios,月,75,0.03012782,,216089,,预估
美国,ios,月,76,0.02983348,,216089,,预估
美国,ios,月,77,0.02954582,,216089,,预估
美国,ios,月,78,0.02926458,,216089,,预估
美国,ios,月,79,0.02898956,,216089,,预估
美国,ios,月,80,0.02872052,,216089,,预估
美国,ios,月,81,0.02845729,,216089,,预估
美国,ios,月,82,0.02819965,,216089,,预估
美国,ios,月,83,0.02794742,,216089,,预估
美国,ios,月,84,0.02770043,,216089,,预估
美国,ios,月,85,0.02745851,,216089,,预估
美国,ios,月,86,0.02722149,,216089,,预估
美国,ios,月,87,0.02698923,,216089,,预估
美国,ios,月,88,0.02676156,,216089,,预估
美国,ios,月,89,0.02653836,,216089,,预估
美国,ios,月,90,0.02631948,,216089,,预估
美国,ios,月,91,0.02610480,,216089,,预估
美国,ios,月,92,0.02589418,,216089,,预估
美国,ios,月,93,0.02568751,,216089,,预估
美国,ios,月,94,0.02548468,,216089,,预估
美国,ios,月,95,0.02528557,,216089,,预估
美国,ios,月,96,0.02509008,,216089,,预估
美国,ios,月,97,0.02489810,,216089,,预估
美国,ios,月,98,0.02470953,,216089,,预估
美国,ios,月,99,0.02452429,,216089,,预估
美国,ios,月,100,0.02434227,,216089,,预估
英国,android,周,1,0.54216867,45,83,31,真实
英国,android,周,2,0.43373494,36,83,31,真实
英国,android,周,3,0.40243902,33,82,30,真实
英国,android,周,4,0.30487805,25,82,30,真实
英国,android,周,5,0.24390244,20,82,30,真实
英国,android,周,6,0.25183696,,83,,预估
英国,android,周,7,0.23442860,,83,,预估
英国,android,周,8,0.22032453,,83,,预估
英国,android,周,9,0.20858989,,83,,预估
英国,android,周,10,0.19862350,,83,,预估
英国,android,周,11,0.19001866,,83,,预估
英国,android,周,12,0.18248898,,83,,预估
英国,android,周,13,0.17582611,,83,,预估
英国,android,周,14,0.16987433,,83,,预估
英国,android,周,15,0.16451460,,83,,预估
英国,android,周,16,0.15965408,,83,,预估
英国,android,周,17,0.15521921,,83,,预估
英国,android,周,18,0.15115080,,83,,预估
英国,android,周,19,0.14740059,,83,,预估
英国,android,周,20,0.14392884,,83,,预估
英国,android,周,21,0.14070242,,83,,预估
英国,android,周,22,0.13769350,,83,,预估
英国,android,周,23,0.13487849,,83,,预估
英国,android,周,24,0.13223725,,83,,预估
英国,android,周,25,0.12975246,,83,,预估
英国,android,周,26,0.12740913,,83,,预估
英国,android,周,27,0.12519421,,83,,预估
英国,android,周,28,0.12309628,,83,,预估
英国,android,周,29,0.12110532,,83,,预估
英国,android,周,30,0.11921245,,83,,预估
英国,android,周,31,0.11740980,,83,,预估
英国,android,周,32,0.11569037,,83,,预估
英国,android,周,33,0.11404788,,83,,预估
英国,android,周,34,0.11247672,,83,,预估
英国,android,周,35,0.11097183,,83,,预估
英国,android,周,36,0.10952862,,83,,预估
英国,android,周,37,0.10814297,,83,,预估
英国,android,周,38,0.10681111,,83,,预估
英国,android,周,39,0.10552961,,83,,预估
英国,android,周,40,0.10429536,,83,,预估
英国,android,周,41,0.10310550,,83,,预估
英国,android,周,42,0.10195740,,83,,预估
英国,android,周,43,0.10084865,,83,,预估
英国,android,周,44,0.09977704,,83,,预估
英国,android,周,45,0.09874052,,83,,预估
英国,android,周,46,0.09773720,,83,,预估
英国,android,周,47,0.09676532,,83,,预估
英国,android,周,48,0.09582327,,83,,预估
英国,android,周,49,0.09490954,,83,,预估
英国,android,周,50,0.09402272,,83,,预估
英国,android,周,51,0.09316150,,83,,预估
英国,android,周,52,0.09232466,,83,,预估
英国,android,周,53,0.09151107,,83,,预估
英国,android,周,54,0.09071966,,83,,预估
英国,android,周,55,0.08994943,,83,,预估
英国,android,周,56,0.08919944,,83,,预估
英国,android,周,57,0.08846881,,83,,预估
英国,android,周,58,0.08775672,,83,,预估
英国,android,周,59,0.08706239,,83,,预估
英国,android,周,60,0.08638509,,83,,预估
英国,android,周,61,0.08572412,,83,,预估
英国,android,周,62,0.08507884,,83,,预估
英国,android,周,63,0.08444862,,83,,预估
英国,android,周,64,0.08383288,,83,,预估
英国,android,周,65,0.08323108,,83,,预估
英国,android,周,66,0.08264268,,83,,预估
英国,android,周,67,0.08206721,,83,,预估
英国,android,周,68,0.08150417,,83,,预估
英国,android,周,69,0.08095314,,83,,预估
英国,android,周,70,0.08041368,,83,,预估
英国,android,周,71,0.07988539,,83,,预估
英国,android,周,72,0.07936788,,83,,预估
英国,android,周,73,0.07886080,,83,,预估
英国,android,周,74,0.07836380,,83,,预估
英国,android,周,75,0.07787653,,83,,预估
英国,android,周,76,0.07739869,,83,,预估
英国,android,周,77,0.07692996,,83,,预估
英国,android,周,78,0.07647008,,83,,预估
英国,android,周,79,0.07601874,,83,,预估
英国,android,周,80,0.07557570,,83,,预估
英国,android,周,81,0.07514070,,83,,预估
英国,android,周,82,0.07471349,,83,,预估
英国,android,周,83,0.07429384,,83,,预估
英国,android,周,84,0.07388154,,83,,预估
英国,android,周,85,0.07347636,,83,,预估
英国,android,周,86,0.07307810,,83,,预估
英国,android,周,87,0.07268657,,83,,预估
英国,android,周,88,0.07230158,,83,,预估
英国,android,周,89,0.07192294,,83,,预估
英国,android,周,90,0.07155049,,83,,预估
英国,android,周,91,0.07118404,,83,,预估
英国,android,周,92,0.07082345,,83,,预估
英国,android,周,93,0.07046855,,83,,预估
英国,android,周,94,0.07011920,,83,,预估
英国,android,周,95,0.06977525,,83,,预估
英国,android,周,96,0.06943656,,83,,预估
英国,android,周,97,0.06910300,,83,,预估
英国,android,周,98,0.06877444,,83,,预估
英国,android,周,99,0.06845075,,83,,预估
英国,android,周,100,0.06813182,,83,,预估
英国,android,年,1,0.42508633,3816,8977,503,真实
英国,android,年,2,0.25622255,700,2732,138,真实
英国,android,年,3,0.19054941,,8977,,预估
英国,android,年,4,0.15443921,,8977,,预估
英国,android,年,5,0.13121350,,8977,,预估
英国,android,年,6,0.11485445,,8977,,预估
英国,android,年,7,0.10262488,,8977,,预估
英国,android,年,8,0.09308887,,8977,,预估
英国,android,年,9,0.08541578,,8977,,预估
英国,android,年,10,0.07908948,,8977,,预估
英国,android,年,11,0.07377126,,8977,,预估
英国,android,年,12,0.06922900,,8977,,预估
英国,android,年,13,0.06529790,,8977,,预估
英国,android,年,14,0.06185757,,8977,,预估
英国,android,年,15,0.05881783,,8977,,预估
英国,android,年,16,0.05610970,,8977,,预估
英国,android,年,17,0.05367949,,8977,,预估
英国,android,年,18,0.05148471,,8977,,预估
英国,android,年,19,0.04949128,,8977,,预估
英国,android,年,20,0.04767151,,8977,,预估
英国,android,年,21,0.04600268,,8977,,预估
英国,android,年,22,0.04446594,,8977,,预估
英国,android,年,23,0.04304550,,8977,,预估
英国,android,年,24,0.04172807,,8977,,预估
英国,android,年,25,0.04050232,,8977,,预估
英国,android,年,26,0.03935858,,8977,,预估
英国,android,年,27,0.03828852,,8977,,预估
英国,android,年,28,0.03728491,,8977,,预估
英国,android,年,29,0.03634147,,8977,,预估
英国,android,年,30,0.03545269,,8977,,预估
英国,android,年,31,0.03461374,,8977,,预估
英国,android,年,32,0.03382036,,8977,,预估
英国,android,年,33,0.03306874,,8977,,预估
英国,android,年,34,0.03235554,,8977,,预估
英国,android,年,35,0.03167773,,8977,,预估
英国,android,年,36,0.03103263,,8977,,预估
英国,android,年,37,0.03041780,,8977,,预估
英国,android,年,38,0.02983107,,8977,,预估
英国,android,年,39,0.02927047,,8977,,预估
英国,android,年,40,0.02873420,,8977,,预估
英国,android,年,41,0.02822064,,8977,,预估
英国,android,年,42,0.02772831,,8977,,预估
英国,android,年,43,0.02725585,,8977,,预估
英国,android,年,44,0.02680203,,8977,,预估
英国,android,年,45,0.02636571,,8977,,预估
英国,android,年,46,0.02594585,,8977,,预估
英国,android,年,47,0.02554150,,8977,,预估
英国,android,年,48,0.02515176,,8977,,预估
英国,android,年,49,0.02477583,,8977,,预估
英国,android,年,50,0.02441294,,8977,,预估
英国,android,年,51,0.02406240,,8977,,预估
英国,android,年,52,0.02372355,,8977,,预估
英国,android,年,53,0.02339579,,8977,,预估
英国,android,年,54,0.02307856,,8977,,预估
英国,android,年,55,0.02277134,,8977,,预估
英国,android,年,56,0.02247363,,8977,,预估
英国,android,年,57,0.02218499,,8977,,预估
英国,android,年,58,0.02190497,,8977,,预估
英国,android,年,59,0.02163319,,8977,,预估
英国,android,年,60,0.02136926,,8977,,预估
英国,android,年,61,0.02111283,,8977,,预估
英国,android,年,62,0.02086358,,8977,,预估
英国,android,年,63,0.02062119,,8977,,预估
英国,android,年,64,0.02038536,,8977,,预估
英国,android,年,65,0.02015583,,8977,,预估
英国,android,年,66,0.01993232,,8977,,预估
英国,android,年,67,0.01971460,,8977,,预估
英国,android,年,68,0.01950243,,8977,,预估
英国,android,年,69,0.01929560,,8977,,预估
英国,android,年,70,0.01909388,,8977,,预估
英国,android,年,71,0.01889709,,8977,,预估
英国,android,年,72,0.01870504,,8977,,预估
英国,android,年,73,0.01851755,,8977,,预估
英国,android,年,74,0.01833446,,8977,,预估
英国,android,年,75,0.01815559,,8977,,预估
英国,android,年,76,0.01798080,,8977,,预估
英国,android,年,77,0.01780995,,8977,,预估
英国,android,年,78,0.01764290,,8977,,预估
英国,android,年,79,0.01747951,,8977,,预估
英国,android,年,80,0.01731966,,8977,,预估
英国,android,年,81,0.01716323,,8977,,预估
英国,android,年,82,0.01701011,,8977,,预估
英国,android,年,83,0.01686018,,8977,,预估
英国,android,年,84,0.01671335,,8977,,预估
英国,android,年,85,0.01656951,,8977,,预估
英国,android,年,86,0.01642858,,8977,,预估
英国,android,年,87,0.01629044,,8977,,预估
英国,android,年,88,0.01615503,,8977,,预估
英国,android,年,89,0.01602226,,8977,,预估
英国,android,年,90,0.01589204,,8977,,预估
英国,android,年,91,0.01576430,,8977,,预估
英国,android,年,92,0.01563897,,8977,,预估
英国,android,年,93,0.01551597,,8977,,预估
英国,android,年,94,0.01539525,,8977,,预估
英国,android,年,95,0.01527672,,8977,,预估
英国,android,年,96,0.01516033,,8977,,预估
英国,android,年,97,0.01504602,,8977,,预估
英国,android,年,98,0.01493373,,8977,,预估
英国,android,年,99,0.01482341,,8977,,预估
英国,android,年,100,0.01471500,,8977,,预估
英国,android,月,1,0.60612616,12328,20339,837,真实
英国,android,月,2,0.47207407,9382,19874,806,真实
英国,android,月,3,0.38957906,7589,19480,778,真实
英国,android,月,4,0.34029991,6513,19139,747,真实
英国,android,月,5,0.30137354,5617,18638,716,真实
英国,android,月,6,0.26661130,4815,18060,686,真实
英国,android,月,7,0.24308630,4228,17393,655,真实
英国,android,月,8,0.22297297,3729,16724,625,真实
英国,android,月,9,0.20506092,3282,16005,594,真实
英国,android,月,10,0.18945364,2885,15228,564,真实
英国,android,月,11,0.17788362,2577,14487,534,真实
英国,android,月,12,0.16632608,2279,13702,503,真实
英国,android,月,13,0.15522158,2014,12975,473,真实
英国,android,月,14,0.14614943,1782,12193,442,真实
英国,android,月,15,0.13842957,1599,11551,414,真实
英国,android,月,16,0.13175085,1432,10869,383,真实
英国,android,月,17,0.12476483,1260,10099,352,真实
英国,android,月,18,0.12103470,1137,9394,322,真实
英国,android,月,19,0.11592695,1003,8652,291,真实
英国,android,月,20,0.12130425,,20339,,预估
英国,android,月,21,0.11783168,,20339,,预估
英国,android,月,22,0.11461331,,20339,,预估
英国,android,月,23,0.11162019,,20339,,预估
英国,android,月,24,0.10882774,,20339,,预估
英国,android,月,25,0.10621497,,20339,,预估
英国,android,月,26,0.10376379,,20339,,预估
英国,android,月,27,0.10145855,,20339,,预估
英国,android,月,28,0.09928563,,20339,,预估
英国,android,月,29,0.09723309,,20339,,预估
英国,android,月,30,0.09529045,,20339,,预估
英国,android,月,31,0.09344844,,20339,,预估
英国,android,月,32,0.09169886,,20339,,预估
英国,android,月,33,0.09003438,,20339,,预估
英国,android,月,34,0.08844848,,20339,,预估
英国,android,月,35,0.08693529,,20339,,预估
英国,android,月,36,0.08548954,,20339,,预估
英国,android,月,37,0.08410647,,20339,,预估
英国,android,月,38,0.08278178,,20339,,预估
英国,android,月,39,0.08151156,,20339,,预估
英国,android,月,40,0.08029226,,20339,,预估
英国,android,月,41,0.07912064,,20339,,预估
英国,android,月,42,0.07799374,,20339,,预估
英国,android,月,43,0.07690884,,20339,,预估
英国,android,月,44,0.07586347,,20339,,预估
英国,android,月,45,0.07485532,,20339,,预估
英国,android,月,46,0.07388230,,20339,,预估
英国,android,月,47,0.07294244,,20339,,预估
英国,android,月,48,0.07203396,,20339,,预估
英国,android,月,49,0.07115517,,20339,,预估
英国,android,月,50,0.07030454,,20339,,预估
英国,android,月,51,0.06948063,,20339,,预估
英国,android,月,52,0.06868209,,20339,,预估
英国,android,月,53,0.06790768,,20339,,预估
英国,android,月,54,0.06715623,,20339,,预估
英国,android,月,55,0.06642666,,20339,,预估
英国,android,月,56,0.06571795,,20339,,预估
英国,android,月,57,0.06502915,,20339,,预估
英国,android,月,58,0.06435936,,20339,,预估
英国,android,月,59,0.06370774,,20339,,预估
英国,android,月,60,0.06307351,,20339,,预估
英国,android,月,61,0.06245592,,20339,,预估
英国,android,月,62,0.06185427,,20339,,预估
英国,android,月,63,0.06126791,,20339,,预估
英国,android,月,64,0.06069621,,20339,,预估
英国,android,月,65,0.06013859,,20339,,预估
英国,android,月,66,0.05959448,,20339,,预估
英国,android,月,67,0.05906337,,20339,,预估
英国,android,月,68,0.05854476,,20339,,预估
英国,android,月,69,0.05803817,,20339,,预估
英国,android,月,70,0.05754317,,20339,,预估
英国,android,月,71,0.05705931,,20339,,预估
英国,android,月,72,0.05658621,,20339,,预估
英国,android,月,73,0.05612348,,20339,,预估
英国,android,月,74,0.05567075,,20339,,预估
英国,android,月,75,0.05522767,,20339,,预估
英国,android,月,76,0.05479392,,20339,,预估
英国,android,月,77,0.05436918,,20339,,预估
英国,android,月,78,0.05395315,,20339,,预估
英国,android,月,79,0.05354555,,20339,,预估
英国,android,月,80,0.05314609,,20339,,预估
英国,android,月,81,0.05275452,,20339,,预估
英国,android,月,82,0.05237058,,20339,,预估
英国,android,月,83,0.05199405,,20339,,预估
英国,android,月,84,0.05162468,,20339,,预估
英国,android,月,85,0.05126226,,20339,,预估
英国,android,月,86,0.05090658,,20339,,预估
英国,android,月,87,0.05055744,,20339,,预估
英国,android,月,88,0.05021464,,20339,,预估
英国,android,月,89,0.04987800,,20339,,预估
英国,android,月,90,0.04954734,,20339,,预估
英国,android,月,91,0.04922249,,20339,,预估
英国,android,月,92,0.04890329,,20339,,预估
英国,android,月,93,0.04858957,,20339,,预估
英国,android,月,94,0.04828119,,20339,,预估
英国,android,月,95,0.04797800,,20339,,预估
英国,android,月,96,0.04767985,,20339,,预估
英国,android,月,97,0.04738663,,20339,,预估
英国,android,月,98,0.04709818,,20339,,预估
英国,android,月,99,0.04681439,,20339,,预估
英国,android,月,100,0.04653514,,20339,,预估
英国,ios,周,1,0.51590457,519,1006,112,真实
英国,ios,周,2,0.32992850,323,979,106,真实
英国,ios,周,3,0.27111575,260,959,99,真实
英国,ios,周,4,0.22269807,208,934,93,真实
英国,ios,周,5,0.19977679,179,896,86,真实
英国,ios,周,6,0.17746606,,1006,,预估
英国,ios,周,7,0.16206552,,1006,,预估
英国,ios,周,8,0.14980952,,1006,,预估
英国,ios,周,9,0.13977062,,1006,,预估
英国,ios,周,10,0.13136193,,1006,,预估
英国,ios,周,11,0.12419197,,1006,,预估
英国,ios,周,12,0.11798859,,1006,,预估
英国,ios,周,13,0.11255602,,1006,,预估
英国,ios,周,14,0.10774951,,1006,,预估
英国,ios,周,15,0.10345944,,1006,,预估
英国,ios,周,16,0.09960109,,1006,,预估
英国,ios,周,17,0.09610790,,1006,,预估
英国,ios,周,18,0.09292672,,1006,,预估
英国,ios,周,19,0.09001454,,1006,,预估
英国,ios,周,20,0.08733618,,1006,,预估
英国,ios,周,21,0.08486252,,1006,,预估
英国,ios,周,22,0.08256923,,1006,,预估
英国,ios,周,23,0.08043582,,1006,,预估
英国,ios,周,24,0.07844490,,1006,,预估
英国,ios,周,25,0.07658158,,1006,,预估
英国,ios,周,26,0.07483305,,1006,,预估
英国,ios,周,27,0.07318822,,1006,,预估
英国,ios,周,28,0.07163743,,1006,,预估
英国,ios,周,29,0.07017223,,1006,,预估
英国,ios,周,30,0.06878517,,1006,,预估
英国,ios,周,31,0.06746968,,1006,,预估
英国,ios,周,32,0.06621994,,1006,,预估
英国,ios,周,33,0.06503076,,1006,,预估
英国,ios,周,34,0.06389749,,1006,,预估
英国,ios,周,35,0.06281598,,1006,,预估
英国,ios,周,36,0.06178247,,1006,,预估
英国,ios,周,37,0.06079360,,1006,,预估
英国,ios,周,38,0.05984631,,1006,,预估
英国,ios,周,39,0.05893782,,1006,,预估
英国,ios,周,40,0.05806560,,1006,,预估
英国,ios,周,41,0.05722735,,1006,,预估
英国,ios,周,42,0.05642098,,1006,,预估
英国,ios,周,43,0.05564454,,1006,,预估
英国,ios,周,44,0.05489628,,1006,,预估
英国,ios,周,45,0.05417456,,1006,,预估
英国,ios,周,46,0.05347788,,1006,,预估
英国,ios,周,47,0.05280486,,1006,,预估
英国,ios,周,48,0.05215421,,1006,,预估
英国,ios,周,49,0.05152475,,1006,,预估
英国,ios,周,50,0.05091538,,1006,,预估
英国,ios,周,51,0.05032507,,1006,,预估
英国,ios,周,52,0.04975287,,1006,,预估
英国,ios,周,53,0.04919789,,1006,,预估
英国,ios,周,54,0.04865930,,1006,,预估
英国,ios,周,55,0.04813634,,1006,,预估
英国,ios,周,56,0.04762826,,1006,,预估
英国,ios,周,57,0.04713440,,1006,,预估
英国,ios,周,58,0.04665412,,1006,,预估
英国,ios,周,59,0.04618681,,1006,,预估
英国,ios,周,60,0.04573193,,1006,,预估
英国,ios,周,61,0.04528893,,1006,,预估
英国,ios,周,62,0.04485732,,1006,,预估
英国,ios,周,63,0.04443664,,1006,,预估
英国,ios,周,64,0.04402643,,1006,,预估
英国,ios,周,65,0.04362629,,1006,,预估
英国,ios,周,66,0.04323580,,1006,,预估
英国,ios,周,67,0.04285461,,1006,,预估
英国,ios,周,68,0.04248235,,1006,,预估
英国,ios,周,69,0.04211868,,1006,,预估
英国,ios,周,70,0.04176330,,1006,,预估
英国,ios,周,71,0.04141589,,1006,,预估
英国,ios,周,72,0.04107618,,1006,,预估
英国,ios,周,73,0.04074387,,1006,,预估
英国,ios,周,74,0.04041872,,1006,,预估
英国,ios,周,75,0.04010048,,1006,,预估
英国,ios,周,76,0.03978891,,1006,,预估
英国,ios,周,77,0.03948379,,1006,,预估
英国,ios,周,78,0.03918490,,1006,,预估
英国,ios,周,79,0.03889204,,1006,,预估
英国,ios,周,80,0.03860500,,1006,,预估
英国,ios,周,81,0.03832362,,1006,,预估
英国,ios,周,82,0.03804770,,1006,,预估
英国,ios,周,83,0.03777707,,1006,,预估
英国,ios,周,84,0.03751158,,1006,,预估
英国,ios,周,85,0.03725106,,1006,,预估
英国,ios,周,86,0.03699536,,1006,,预估
英国,ios,周,87,0.03674435,,1006,,预估
英国,ios,周,88,0.03649788,,1006,,预估
英国,ios,周,89,0.03625582,,1006,,预估
英国,ios,周,90,0.03601804,,1006,,预估
英国,ios,周,91,0.03578443,,1006,,预估
英国,ios,周,92,0.03555485,,1006,,预估
英国,ios,周,93,0.03532921,,1006,,预估
英国,ios,周,94,0.03510739,,1006,,预估
英国,ios,周,95,0.03488929,,1006,,预估
英国,ios,周,96,0.03467481,,1006,,预估
英国,ios,周,97,0.03446385,,1006,,预估
英国,ios,周,98,0.03425631,,1006,,预估
英国,ios,周,99,0.03405212,,1006,,预估
英国,ios,周,100,0.03385117,,1006,,预估
英国,ios,年,1,0.29452791,22466,76278,503,真实
英国,ios,年,2,0.15954593,3331,20878,138,真实
英国,ios,年,3,0.11146663,,76278,,预估
英国,ios,年,4,0.08642612,,76278,,预估
英国,ios,年,5,0.07094710,,76278,,预估
英国,ios,年,6,0.06038154,,76278,,预估
英国,ios,年,7,0.05268588,,76278,,预估
英国,ios,年,8,0.04681708,,76278,,预估
英国,ios,年,9,0.04218551,,76278,,预估
英国,ios,年,10,0.03843208,,76278,,预估
英国,ios,年,11,0.03532522,,76278,,预估
英国,ios,年,12,0.03270871,,76278,,预估
英国,ios,年,13,0.03047324,,76278,,预估
英国,ios,年,14,0.02853997,,76278,,预估
英国,ios,年,15,0.02685054,,76278,,预估
英国,ios,年,16,0.02536084,,76278,,预估
英国,ios,年,17,0.02403684,,76278,,预估
英国,ios,年,18,0.02285191,,76278,,预估
英国,ios,年,19,0.02178488,,76278,,预估
英国,ios,年,20,0.02081868,,76278,,预估
英国,ios,年,21,0.01993943,,76278,,预估
英国,ios,年,22,0.01913569,,76278,,预估
英国,ios,年,23,0.01839798,,76278,,预估
英国,ios,年,24,0.01771833,,76278,,预估
英国,ios,年,25,0.01709003,,76278,,预估
英国,ios,年,26,0.01650737,,76278,,预估
英国,ios,年,27,0.01596547,,76278,,预估
英国,ios,年,28,0.01546012,,76278,,预估
英国,ios,年,29,0.01498767,,76278,,预估
英国,ios,年,30,0.01454495,,76278,,预估
英国,ios,年,31,0.01412920,,76278,,预估
英国,ios,年,32,0.01373798,,76278,,预估
英国,ios,年,33,0.01336913,,76278,,预估
英国,ios,年,34,0.01302077,,76278,,预估
英国,ios,年,35,0.01269119,,76278,,预估
英国,ios,年,36,0.01237889,,76278,,预估
英国,ios,年,37,0.01208253,,76278,,预估
英国,ios,年,38,0.01180088,,76278,,预估
英国,ios,年,39,0.01153286,,76278,,预估
英国,ios,年,40,0.01127749,,76278,,预估
英国,ios,年,41,0.01103387,,76278,,预估
英国,ios,年,42,0.01080120,,76278,,预估
英国,ios,年,43,0.01057874,,76278,,预估
英国,ios,年,44,0.01036581,,76278,,预估
英国,ios,年,45,0.01016182,,76278,,预估
英国,ios,年,46,0.00996619,,76278,,预估
英国,ios,年,47,0.00977842,,76278,,预估
英国,ios,年,48,0.00959803,,76278,,预估
英国,ios,年,49,0.00942458,,76278,,预估
英国,ios,年,50,0.00925768,,76278,,预估
英国,ios,年,51,0.00909695,,76278,,预估
英国,ios,年,52,0.00894205,,76278,,预估
英国,ios,年,53,0.00879267,,76278,,预估
英国,ios,年,54,0.00864850,,76278,,预估
英国,ios,年,55,0.00850928,,76278,,预估
英国,ios,年,56,0.00837475,,76278,,预估
英国,ios,年,57,0.00824468,,76278,,预估
英国,ios,年,58,0.00811883,,76278,,预估
英国,ios,年,59,0.00799700,,76278,,预估
英国,ios,年,60,0.00787901,,76278,,预估
英国,ios,年,61,0.00776466,,76278,,预估
英国,ios,年,62,0.00765380,,76278,,预估
英国,ios,年,63,0.00754625,,76278,,预估
英国,ios,年,64,0.00744187,,76278,,预估
英国,ios,年,65,0.00734052,,76278,,预估
英国,ios,年,66,0.00724207,,76278,,预估
英国,ios,年,67,0.00714639,,76278,,预估
英国,ios,年,68,0.00705336,,76278,,预估
英国,ios,年,69,0.00696287,,76278,,预估
英国,ios,年,70,0.00687483,,76278,,预估
英国,ios,年,71,0.00678912,,76278,,预估
英国,ios,年,72,0.00670565,,76278,,预估
英国,ios,年,73,0.00662435,,76278,,预估
英国,ios,年,74,0.00654511,,76278,,预估
英国,ios,年,75,0.00646787,,76278,,预估
英国,ios,年,76,0.00639254,,76278,,预估
英国,ios,年,77,0.00631906,,76278,,预估
英国,ios,年,78,0.00624736,,76278,,预估
英国,ios,年,79,0.00617737,,76278,,预估
英国,ios,年,80,0.00610902,,76278,,预估
英国,ios,年,81,0.00604227,,76278,,预估
英国,ios,年,82,0.00597705,,76278,,预估
英国,ios,年,83,0.00591332,,76278,,预估
英国,ios,年,84,0.00585102,,76278,,预估
英国,ios,年,85,0.00579009,,76278,,预估
英国,ios,年,86,0.00573051,,76278,,预估
英国,ios,年,87,0.00567221,,76278,,预估
英国,ios,年,88,0.00561517,,76278,,预估
英国,ios,年,89,0.00555933,,76278,,预估
英国,ios,年,90,0.00550466,,76278,,预估
英国,ios,年,91,0.00545113,,76278,,预估
英国,ios,年,92,0.00539869,,76278,,预估
英国,ios,年,93,0.00534732,,76278,,预估
英国,ios,年,94,0.00529698,,76278,,预估
英国,ios,年,95,0.00524763,,76278,,预估
英国,ios,年,96,0.00519926,,76278,,预估
英国,ios,年,97,0.00515182,,76278,,预估
英国,ios,年,98,0.00510530,,76278,,预估
英国,ios,年,99,0.00505966,,76278,,预估
英国,ios,年,100,0.00501489,,76278,,预估
英国,ios,月,1,0.56001341,35091,62661,838,真实
英国,ios,月,2,0.41895135,24786,59162,807,真实
英国,ios,月,3,0.34345170,19393,56465,779,真实
英国,ios,月,4,0.29231052,15890,54360,748,真实
英国,ios,月,5,0.25522667,13270,51993,717,真实
英国,ios,月,6,0.22579543,11234,49753,687,真实
英国,ios,月,7,0.20256372,9592,47353,656,真实
英国,ios,月,8,0.18406934,8303,45108,626,真实
英国,ios,月,9,0.16938457,7167,42312,595,真实
英国,ios,月,10,0.15765697,6177,39180,564,真实
英国,ios,月,11,0.14693327,5335,36309,534,真实
英国,ios,月,12,0.13577993,4536,33407,503,真实
英国,ios,月,13,0.12558331,3956,31501,473,真实
英国,ios,月,14,0.11726384,3420,29165,442,真实
英国,ios,月,15,0.10892109,2962,27194,414,真实
英国,ios,月,16,0.10045249,2553,25415,383,真实
英国,ios,月,17,0.09256309,2208,23854,352,真实
英国,ios,月,18,0.08606483,1901,22088,322,真实
英国,ios,月,19,0.07869195,1581,20091,291,真实
英国,ios,月,20,0.07335371,1320,17995,261,真实
英国,ios,月,21,0.06852400,1065,15542,230,真实
英国,ios,月,22,0.08163175,,62661,,预估
英国,ios,月,23,0.07911022,,62661,,预估
英国,ios,月,24,0.07676904,,62661,,预估
英国,ios,月,25,0.07458857,,62661,,预估
英国,ios,月,26,0.07255199,,62661,,预估
英国,ios,月,27,0.07064480,,62661,,预估
英国,ios,月,28,0.06885442,,62661,,预估
英国,ios,月,29,0.06716990,,62661,,预估
英国,ios,月,30,0.06558165,,62661,,预估
英国,ios,月,31,0.06408121,,62661,,预估
英国,ios,月,32,0.06266114,,62661,,预估
英国,ios,月,33,0.06131480,,62661,,预估
英国,ios,月,34,0.06003631,,62661,,预估
英国,ios,月,35,0.05882040,,62661,,预估
英国,ios,月,36,0.05766235,,62661,,预估
英国,ios,月,37,0.05655790,,62661,,预估
英国,ios,月,38,0.05550323,,62661,,预估
英国,ios,月,39,0.05449486,,62661,,预估
英国,ios,月,40,0.05352966,,62661,,预估
英国,ios,月,41,0.05260476,,62661,,预估
英国,ios,月,42,0.05171756,,62661,,预估
英国,ios,月,43,0.05086568,,62661,,预估
英国,ios,月,44,0.05004693,,62661,,预估
英国,ios,月,45,0.04925933,,62661,,预估
英国,ios,月,46,0.04850103,,62661,,预估
英国,ios,月,47,0.04777034,,62661,,预估
英国,ios,月,48,0.04706569,,62661,,预估
英国,ios,月,49,0.04638566,,62661,,预估
英国,ios,月,50,0.04572889,,62661,,预估
英国,ios,月,51,0.04509415,,62661,,预估
英国,ios,月,52,0.04448030,,62661,,预估
英国,ios,月,53,0.04388626,,62661,,预估
英国,ios,月,54,0.04331103,,62661,,预估
英国,ios,月,55,0.04275370,,62661,,预估
英国,ios,月,56,0.04221338,,62661,,预估
英国,ios,月,57,0.04168928,,62661,,预估
英国,ios,月,58,0.04118064,,62661,,预估
英国,ios,月,59,0.04068673,,62661,,预估
英国,ios,月,60,0.04020691,,62661,,预估
英国,ios,月,61,0.03974053,,62661,,预估
英国,ios,月,62,0.03928702,,62661,,预估
英国,ios,月,63,0.03884581,,62661,,预估
英国,ios,月,64,0.03841640,,62661,,预估
英国,ios,月,65,0.03799827,,62661,,预估
英国,ios,月,66,0.03759098,,62661,,预估
英国,ios,月,67,0.03719409,,62661,,预估
英国,ios,月,68,0.03680717,,62661,,预估
英国,ios,月,69,0.03642983,,62661,,预估
英国,ios,月,70,0.03606171,,62661,,预估
英国,ios,月,71,0.03570246,,62661,,预估
英国,ios,月,72,0.03535173,,62661,,预估
英国,ios,月,73,0.03500922,,62661,,预估
英国,ios,月,74,0.03467461,,62661,,预估
英国,ios,月,75,0.03434764,,62661,,预估
英国,ios,月,76,0.03402801,,62661,,预估
英国,ios,月,77,0.03371548,,62661,,预估
英国,ios,月,78,0.03340980,,62661,,预估
英国,ios,月,79,0.03311073,,62661,,预估
英国,ios,月,80,0.03281805,,62661,,预估
英国,ios,月,81,0.03253155,,62661,,预估
英国,ios,月,82,0.03225101,,62661,,预估
英国,ios,月,83,0.03197626,,62661,,预估
英国,ios,月,84,0.03170709,,62661,,预估
英国,ios,月,85,0.03144333,,62661,,预估
英国,ios,月,86,0.03118482,,62661,,预估
英国,ios,月,87,0.03093138,,62661,,预估
英国,ios,月,88,0.03068286,,62661,,预估
英国,ios,月,89,0.03043911,,62661,,预估
英国,ios,月,90,0.03019999,,62661,,预估
英国,ios,月,91,0.02996537,,62661,,预估
英国,ios,月,92,0.02973509,,62661,,预估
英国,ios,月,93,0.02950905,,62661,,预估
英国,ios,月,94,0.02928712,,62661,,预估
英国,ios,月,95,0.02906918,,62661,,预估
英国,ios,月,96,0.02885512,,62661,,预估
英国,ios,月,97,0.02864482,,62661,,预估
英国,ios,月,98,0.02843820,,62661,,预估
英国,ios,月,99,0.02823514,,62661,,预估
英国,ios,月,100,0.02803554,,62661,,预估
西班牙,android,周,1,0.58333333,14,24,15,真实
西班牙,android,周,2,0.37500000,9,24,15,真实
西班牙,android,周,3,0.25000000,6,24,15,真实
西班牙,android,周,4,0.20833333,5,24,15,真实
西班牙,android,周,5,0.16666667,4,24,15,真实
西班牙,android,周,6,0.14889835,,24,,预估
西班牙,android,周,7,0.13201819,,24,,预估
西班牙,android,周,8,0.11895083,,24,,预估
西班牙,android,周,9,0.10850250,,24,,预估
西班牙,android,周,10,0.09993629,,24,,预估
西班牙,android,周,11,0.09277131,,24,,预估
西班牙,android,周,12,0.08667969,,24,,预估
西班牙,android,周,13,0.08142980,,24,,预估
西班牙,android,周,14,0.07685308,,24,,预估
西班牙,android,周,15,0.07282376,,24,,预估
西班牙,android,周,16,0.06924604,,24,,预估
西班牙,android,周,17,0.06604556,,24,,预估
西班牙,android,周,18,0.06316366,,24,,预估
西班牙,android,周,19,0.06055344,,24,,预估
西班牙,android,周,20,0.05817692,,24,,预估
西班牙,android,周,21,0.05600298,,24,,预估
西班牙,android,周,22,0.05400589,,24,,预估
西班牙,android,周,23,0.05216417,,24,,预估
西班牙,android,周,24,0.05045972,,24,,预估
西班牙,android,周,25,0.04887722,,24,,预估
西班牙,android,周,26,0.04740355,,24,,预估
西班牙,android,周,27,0.04602747,,24,,预估
西班牙,android,周,28,0.04473925,,24,,预估
西班牙,android,周,29,0.04353044,,24,,预估
西班牙,android,周,30,0.04239363,,24,,预估
西班牙,android,周,31,0.04132235,,24,,预估
西班牙,android,周,32,0.04031090,,24,,预估
西班牙,android,周,33,0.03935420,,24,,预估
西班牙,android,周,34,0.03844776,,24,,预估
西班牙,android,周,35,0.03758759,,24,,预估
西班牙,android,周,36,0.03677009,,24,,预估
西班牙,android,周,37,0.03599206,,24,,预估
西班牙,android,周,38,0.03525058,,24,,预估
西班牙,android,周,39,0.03454306,,24,,预估
西班牙,android,周,40,0.03386711,,24,,预估
西班牙,android,周,41,0.03322061,,24,,预估
西班牙,android,周,42,0.03260158,,24,,预估
西班牙,android,周,43,0.03200825,,24,,预估
西班牙,android,周,44,0.03143899,,24,,预估
西班牙,android,周,45,0.03089232,,24,,预估
西班牙,android,周,46,0.03036685,,24,,预估
西班牙,android,周,47,0.02986134,,24,,预估
西班牙,android,周,48,0.02937463,,24,,预估
西班牙,android,周,49,0.02890564,,24,,预估
西班牙,android,周,50,0.02845339,,24,,预估
西班牙,android,周,51,0.02801696,,24,,预估
西班牙,android,周,52,0.02759551,,24,,预估
西班牙,android,周,53,0.02718824,,24,,预估
西班牙,android,周,54,0.02679444,,24,,预估
西班牙,android,周,55,0.02641341,,24,,预估
西班牙,android,周,56,0.02604451,,24,,预估
西班牙,android,周,57,0.02568717,,24,,预估
西班牙,android,周,58,0.02534081,,24,,预估
西班牙,android,周,59,0.02500493,,24,,预估
西班牙,android,周,60,0.02467903,,24,,预估
西班牙,android,周,61,0.02436266,,24,,预估
西班牙,android,周,62,0.02405540,,24,,预估
西班牙,android,周,63,0.02375683,,24,,预估
西班牙,android,周,64,0.02346659,,24,,预估
西班牙,android,周,65,0.02318431,,24,,预估
西班牙,android,周,66,0.02290965,,24,,预估
西班牙,android,周,67,0.02264231,,24,,预估
西班牙,android,周,68,0.02238198,,24,,预估
西班牙,android,周,69,0.02212838,,24,,预估
西班牙,android,周,70,0.02188124,,24,,预估
西班牙,android,周,71,0.02164031,,24,,预估
西班牙,android,周,72,0.02140535,,24,,预估
西班牙,android,周,73,0.02117612,,24,,预估
西班牙,android,周,74,0.02095242,,24,,预估
西班牙,android,周,75,0.02073404,,24,,预估
西班牙,android,周,76,0.02052078,,24,,预估
西班牙,android,周,77,0.02031246,,24,,预估
西班牙,android,周,78,0.02010890,,24,,预估
西班牙,android,周,79,0.01990993,,24,,预估
西班牙,android,周,80,0.01971540,,24,,预估
西班牙,android,周,81,0.01952516,,24,,预估
西班牙,android,周,82,0.01933905,,24,,预估
西班牙,android,周,83,0.01915693,,24,,预估
西班牙,android,周,84,0.01897869,,24,,预估
西班牙,android,周,85,0.01880418,,24,,预估
西班牙,android,周,86,0.01863329,,24,,预估
西班牙,android,周,87,0.01846590,,24,,预估
西班牙,android,周,88,0.01830190,,24,,预估
西班牙,android,周,89,0.01814119,,24,,预估
西班牙,android,周,90,0.01798366,,24,,预估
西班牙,android,周,91,0.01782921,,24,,预估
西班牙,android,周,92,0.01767776,,24,,预估
西班牙,android,周,93,0.01752921,,24,,预估
西班牙,android,周,94,0.01738348,,24,,预估
西班牙,android,周,95,0.01724049,,24,,预估
西班牙,android,周,96,0.01710015,,24,,预估
西班牙,android,周,97,0.01696238,,24,,预估
西班牙,android,周,98,0.01682713,,24,,预估
西班牙,android,周,99,0.01669431,,24,,预估
西班牙,android,周,100,0.01656386,,24,,预估
西班牙,android,年,1,0.42908309,599,1396,464,真实
西班牙,android,年,2,0.28192771,117,415,128,真实
西班牙,android,年,3,0.22051517,,1396,,预估
西班牙,android,年,4,0.18523973,,1396,,预估
西班牙,android,年,5,0.16181295,,1396,,预估
西班牙,android,年,6,0.14488881,,1396,,预估
西班牙,android,年,7,0.13196831,,1396,,预估
西班牙,android,年,8,0.12171119,,1396,,预估
西班牙,android,年,9,0.11332756,,1396,,预估
西班牙,android,年,10,0.10631870,,1396,,预估
西班牙,android,年,11,0.10035257,,1396,,预估
西班牙,android,年,12,0.09519874,,1396,,预估
西班牙,android,年,13,0.09069174,,1396,,预估
西班牙,android,年,14,0.08670937,,1396,,预估
西班牙,android,年,15,0.08315921,,1396,,预估
西班牙,android,年,16,0.07996996,,1396,,预估
西班牙,android,年,17,0.07708561,,1396,,预估
西班牙,android,年,18,0.07446152,,1396,,预估
西班牙,android,年,19,0.07206161,,1396,,预估
西班牙,android,年,20,0.06985637,,1396,,预估
西班牙,android,年,21,0.06782140,,1396,,预估
西班牙,android,年,22,0.06593634,,1396,,预估
西班牙,android,年,23,0.06418407,,1396,,预估
西班牙,android,年,24,0.06255004,,1396,,预估
西班牙,android,年,25,0.06102182,,1396,,预估
西班牙,android,年,26,0.05958873,,1396,,预估
西班牙,android,年,27,0.05824151,,1396,,预估
西班牙,android,年,28,0.05697212,,1396,,预估
西班牙,android,年,29,0.05577351,,1396,,预估
西班牙,android,年,30,0.05463950,,1396,,预估
西班牙,android,年,31,0.05356461,,1396,,预估
西班牙,android,年,32,0.05254401,,1396,,预估
西班牙,android,年,33,0.05157338,,1396,,预估
西班牙,android,年,34,0.05064886,,1396,,预估
西班牙,android,年,35,0.04976701,,1396,,预估
西班牙,android,年,36,0.04892471,,1396,,预估
西班牙,android,年,37,0.04811917,,1396,,预估
西班牙,android,年,38,0.04734786,,1396,,预估
西班牙,android,年,39,0.04660847,,1396,,预估
西班牙,android,年,40,0.04589891,,1396,,预估
西班牙,android,年,41,0.04521728,,1396,,预估
西班牙,android,年,42,0.04456184,,1396,,预估
西班牙,android,年,43,0.04393099,,1396,,预估
西班牙,android,年,44,0.04332327,,1396,,预估
西班牙,android,年,45,0.04273733,,1396,,预估
西班牙,android,年,46,0.04217194,,1396,,预估
西班牙,android,年,47,0.04162595,,1396,,预估
西班牙,android,年,48,0.04109831,,1396,,预估
西班牙,android,年,49,0.04058802,,1396,,预估
西班牙,android,年,50,0.04009420,,1396,,预估
西班牙,android,年,51,0.03961598,,1396,,预估
西班牙,android,年,52,0.03915259,,1396,,预估
西班牙,android,年,53,0.03870329,,1396,,预估
西班牙,android,年,54,0.03826740,,1396,,预估
西班牙,android,年,55,0.03784429,,1396,,预估
西班牙,android,年,56,0.03743335,,1396,,预估
西班牙,android,年,57,0.03703404,,1396,,预估
西班牙,android,年,58,0.03664581,,1396,,预估
西班牙,android,年,59,0.03626819,,1396,,预估
西班牙,android,年,60,0.03590071,,1396,,预估
西班牙,android,年,61,0.03554294,,1396,,预估
西班牙,android,年,62,0.03519446,,1396,,预估
西班牙,android,年,63,0.03485490,,1396,,预估
西班牙,android,年,64,0.03452388,,1396,,预估
西班牙,android,年,65,0.03420106,,1396,,预估
西班牙,android,年,66,0.03388613,,1396,,预估
西班牙,android,年,67,0.03357876,,1396,,预估
西班牙,android,年,68,0.03327868,,1396,,预估
西班牙,android,年,69,0.03298560,,1396,,预估
西班牙,android,年,70,0.03269926,,1396,,预估
西班牙,android,年,71,0.03241941,,1396,,预估
西班牙,android,年,72,0.03214583,,1396,,预估
西班牙,android,年,73,0.03187828,,1396,,预估
西班牙,android,年,74,0.03161655,,1396,,预估
西班牙,android,年,75,0.03136045,,1396,,预估
西班牙,android,年,76,0.03110976,,1396,,预估
西班牙,android,年,77,0.03086432,,1396,,预估
西班牙,android,年,78,0.03062395,,1396,,预估
西班牙,android,年,79,0.03038847,,1396,,预估
西班牙,android,年,80,0.03015774,,1396,,预估
西班牙,android,年,81,0.02993158,,1396,,预估
西班牙,android,年,82,0.02970987,,1396,,预估
西班牙,android,年,83,0.02949246,,1396,,预估
西班牙,android,年,84,0.02927922,,1396,,预估
西班牙,android,年,85,0.02907001,,1396,,预估
西班牙,android,年,86,0.02886472,,1396,,预估
西班牙,android,年,87,0.02866323,,1396,,预估
西班牙,android,年,88,0.02846542,,1396,,预估
西班牙,android,年,89,0.02827119,,1396,,预估
西班牙,android,年,90,0.02808043,,1396,,预估
西班牙,android,年,91,0.02789305,,1396,,预估
西班牙,android,年,92,0.02770894,,1396,,预估
西班牙,android,年,93,0.02752803,,1396,,预估
西班牙,android,年,94,0.02735020,,1396,,预估
西班牙,android,年,95,0.02717539,,1396,,预估
西班牙,android,年,96,0.02700351,,1396,,预估
西班牙,android,年,97,0.02683449,,1396,,预估
西班牙,android,年,98,0.02666824,,1396,,预估
西班牙,android,年,99,0.02650469,,1396,,预估
西班牙,android,年,100,0.02634377,,1396,,预估
西班牙,android,月,1,0.54142582,1405,2595,777,真实
西班牙,android,月,2,0.38443114,963,2505,748,真实
西班牙,android,月,3,0.31454621,759,2413,723,真实
西班牙,android,月,4,0.26533220,623,2348,699,真实
西班牙,android,月,5,0.22486772,510,2268,671,真实
西班牙,android,月,6,0.19880074,431,2168,644,真实
西班牙,android,月,7,0.17845118,371,2079,615,真实
西班牙,android,月,8,0.16783920,334,1990,586,真实
西班牙,android,月,9,0.15905512,303,1905,560,真实
西班牙,android,月,10,0.14864115,268,1803,531,真实
西班牙,android,月,11,0.14557338,245,1683,502,真实
西班牙,android,月,12,0.13439490,211,1570,472,真实
西班牙,android,月,13,0.12592096,188,1493,445,真实
西班牙,android,月,14,0.12167027,169,1389,414,真实
西班牙,android,月,15,0.11085627,145,1308,387,真实
西班牙,android,月,16,0.10696921,132,1234,358,真实
西班牙,android,月,17,0.10123239,115,1136,329,真实
西班牙,android,月,18,0.09626168,103,1070,302,真实
西班牙,android,月,19,0.09292929,92,990,276,真实
西班牙,android,月,20,0.08129176,73,898,249,真实
西班牙,android,月,21,0.07037037,57,810,220,真实
西班牙,android,月,22,0.06847361,48,701,190,真实
西班牙,android,月,23,0.06372549,39,612,161,真实
西班牙,android,月,24,0.05783582,31,536,131,真实
西班牙,android,月,25,0.05054945,23,455,105,真实
西班牙,android,月,26,0.05056180,18,356,76,真实
西班牙,android,月,27,0.03225806,8,248,48,真实
西班牙,android,月,28,0.03296703,3,91,17,真实
西班牙,android,月,29,0.05581173,,2595,,预估
西班牙,android,月,30,0.05435647,,2595,,预估
西班牙,android,月,31,0.05298505,,2595,,预估
西班牙,android,月,32,0.05169016,,2595,,预估
西班牙,android,月,33,0.05046532,,2595,,预估
西班牙,android,月,34,0.04930479,,2595,,预估
西班牙,android,月,35,0.04820345,,2595,,预估
西班牙,android,月,36,0.04715671,,2595,,预估
西班牙,android,月,37,0.04616046,,2595,,预估
西班牙,android,月,38,0.04521100,,2595,,预估
西班牙,android,月,39,0.04430499,,2595,,预估
西班牙,android,月,40,0.04343938,,2595,,预估
西班牙,android,月,41,0.04261145,,2595,,预估
西班牙,android,月,42,0.04181868,,2595,,预估
西班牙,android,月,43,0.04105880,,2595,,预估
西班牙,android,月,44,0.04032974,,2595,,预估
西班牙,android,月,45,0.03962956,,2595,,预估
西班牙,android,月,46,0.03895654,,2595,,预估
西班牙,android,月,47,0.03830906,,2595,,预估
西班牙,android,月,48,0.03768564,,2595,,预估
西班牙,android,月,49,0.03708490,,2595,,预估
西班牙,android,月,50,0.03650560,,2595,,预估
西班牙,android,月,51,0.03594654,,2595,,预估
西班牙,android,月,52,0.03540666,,2595,,预估
西班牙,android,月,53,0.03488494,,2595,,预估
西班牙,android,月,54,0.03438045,,2595,,预估
西班牙,android,月,55,0.03389231,,2595,,预估
西班牙,android,月,56,0.03341971,,2595,,预估
西班牙,android,月,57,0.03296190,,2595,,预估
西班牙,android,月,58,0.03251815,,2595,,预估
西班牙,android,月,59,0.03208781,,2595,,预估
西班牙,android,月,60,0.03167026,,2595,,预估
西班牙,android,月,61,0.03126491,,2595,,预估
西班牙,android,月,62,0.03087122,,2595,,预估
西班牙,android,月,63,0.03048866,,2595,,预估
西班牙,android,月,64,0.03011676,,2595,,预估
西班牙,android,月,65,0.02975505,,2595,,预估
西班牙,android,月,66,0.02940312,,2595,,预估
西班牙,android,月,67,0.02906054,,2595,,预估
西班牙,android,月,68,0.02872695,,2595,,预估
西班牙,android,月,69,0.02840197,,2595,,预估
西班牙,android,月,70,0.02808526,,2595,,预估
西班牙,android,月,71,0.02777651,,2595,,预估
西班牙,android,月,72,0.02747539,,2595,,预估
西班牙,android,月,73,0.02718163,,2595,,预估
西班牙,android,月,74,0.02689494,,2595,,预估
西班牙,android,月,75,0.02661506,,2595,,预估
西班牙,android,月,76,0.02634174,,2595,,预估
西班牙,android,月,77,0.02607475,,2595,,预估
西班牙,android,月,78,0.02581386,,2595,,预估
西班牙,android,月,79,0.02555885,,2595,,预估
西班牙,android,月,80,0.02530953,,2595,,预估
西班牙,android,月,81,0.02506568,,2595,,预估
西班牙,android,月,82,0.02482714,,2595,,预估
西班牙,android,月,83,0.02459371,,2595,,预估
西班牙,android,月,84,0.02436524,,2595,,预估
西班牙,android,月,85,0.02414156,,2595,,预估
西班牙,android,月,86,0.02392251,,2595,,预估
西班牙,android,月,87,0.02370794,,2595,,预估
西班牙,android,月,88,0.02349772,,2595,,预估
西班牙,android,月,89,0.02329171,,2595,,预估
西班牙,android,月,90,0.02308977,,2595,,预估
西班牙,android,月,91,0.02289179,,2595,,预估
西班牙,android,月,92,0.02269765,,2595,,预估
西班牙,android,月,93,0.02250722,,2595,,预估
西班牙,android,月,94,0.02232040,,2595,,预估
西班牙,android,月,95,0.02213708,,2595,,预估
西班牙,android,月,96,0.02195716,,2595,,预估
西班牙,android,月,97,0.02178055,,2595,,预估
西班牙,android,月,98,0.02160715,,2595,,预估
西班牙,android,月,99,0.02143687,,2595,,预估
西班牙,android,月,100,0.02126962,,2595,,预估
西班牙,ios,周,1,0.38983051,23,59,38,真实
西班牙,ios,周,2,0.24137931,14,58,37,真实
西班牙,ios,周,3,0.17857143,10,56,35,真实
西班牙,ios,周,4,0.14545455,8,55,34,真实
西班牙,ios,周,5,0.05769231,3,52,31,真实
西班牙,ios,周,6,0.07234261,,59,,预估
西班牙,ios,周,7,0.06179365,,59,,预估
西班牙,ios,周,8,0.05390753,,59,,预估
西班牙,ios,周,9,0.04779121,,59,,预估
西班牙,ios,周,10,0.04291043,,59,,预估
西班牙,ios,周,11,0.03892606,,59,,预估
西班牙,ios,周,12,0.03561256,,59,,预估
西班牙,ios,周,13,0.03281409,,59,,预估
西班牙,ios,周,14,0.03041955,,59,,预估
西班牙,ios,周,15,0.02834762,,59,,预估
西班牙,ios,周,16,0.02653740,,59,,预估
西班牙,ios,周,17,0.02494239,,59,,预估
西班牙,ios,周,18,0.02352648,,59,,预估
西班牙,ios,周,19,0.02226120,,59,,预估
西班牙,ios,周,20,0.02112379,,59,,预估
西班牙,ios,周,21,0.02009586,,59,,预估
西班牙,ios,周,22,0.01916238,,59,,预估
西班牙,ios,周,23,0.01831095,,59,,预估
西班牙,ios,周,24,0.01753122,,59,,预估
西班牙,ios,周,25,0.01681455,,59,,预估
西班牙,ios,周,26,0.01615360,,59,,预估
西班牙,ios,周,27,0.01554214,,59,,预估
西班牙,ios,周,28,0.01497483,,59,,预估
西班牙,ios,周,29,0.01444706,,59,,预估
西班牙,ios,周,30,0.01395487,,59,,预估
西班牙,ios,周,31,0.01349477,,59,,预估
西班牙,ios,周,32,0.01306374,,59,,预估
西班牙,ios,周,33,0.01265911,,59,,预估
西班牙,ios,周,34,0.01227855,,59,,预估
西班牙,ios,周,35,0.01191997,,59,,预估
西班牙,ios,周,36,0.01158153,,59,,预估
西班牙,ios,周,37,0.01126159,,59,,预估
西班牙,ios,周,38,0.01095866,,59,,预估
西班牙,ios,周,39,0.01067144,,59,,预估
西班牙,ios,周,40,0.01039874,,59,,预估
西班牙,ios,周,41,0.01013949,,59,,预估
西班牙,ios,周,42,0.00989272,,59,,预估
西班牙,ios,周,43,0.00965755,,59,,预估
西班牙,ios,周,44,0.00943319,,59,,预估
西班牙,ios,周,45,0.00921891,,59,,预估
西班牙,ios,周,46,0.00901405,,59,,预估
西班牙,ios,周,47,0.00881800,,59,,预估
西班牙,ios,周,48,0.00863021,,59,,预估
西班牙,ios,周,49,0.00845017,,59,,预估
西班牙,ios,周,50,0.00827741,,59,,预估
西班牙,ios,周,51,0.00811150,,59,,预估
西班牙,ios,周,52,0.00795204,,59,,预估
西班牙,ios,周,53,0.00779866,,59,,预估
西班牙,ios,周,54,0.00765103,,59,,预估
西班牙,ios,周,55,0.00750882,,59,,预估
西班牙,ios,周,56,0.00737175,,59,,预估
西班牙,ios,周,57,0.00723955,,59,,预估
西班牙,ios,周,58,0.00711195,,59,,预估
西班牙,ios,周,59,0.00698872,,59,,预估
西班牙,ios,周,60,0.00686965,,59,,预估
西班牙,ios,周,61,0.00675453,,59,,预估
西班牙,ios,周,62,0.00664316,,59,,预估
西班牙,ios,周,63,0.00653536,,59,,预估
西班牙,ios,周,64,0.00643097,,59,,预估
西班牙,ios,周,65,0.00632983,,59,,预估
西班牙,ios,周,66,0.00623178,,59,,预估
西班牙,ios,周,67,0.00613670,,59,,预估
西班牙,ios,周,68,0.00604444,,59,,预估
西班牙,ios,周,69,0.00595489,,59,,预估
西班牙,ios,周,70,0.00586792,,59,,预估
西班牙,ios,周,71,0.00578343,,59,,预估
西班牙,ios,周,72,0.00570132,,59,,预估
西班牙,ios,周,73,0.00562147,,59,,预估
西班牙,ios,周,74,0.00554381,,59,,预估
西班牙,ios,周,75,0.00546825,,59,,预估
西班牙,ios,周,76,0.00539469,,59,,预估
西班牙,ios,周,77,0.00532307,,59,,预估
西班牙,ios,周,78,0.00525330,,59,,预估
西班牙,ios,周,79,0.00518532,,59,,预估
西班牙,ios,周,80,0.00511906,,59,,预估
西班牙,ios,周,81,0.00505445,,59,,预估
西班牙,ios,周,82,0.00499143,,59,,预估
西班牙,ios,周,83,0.00492995,,59,,预估
西班牙,ios,周,84,0.00486995,,59,,预估
西班牙,ios,周,85,0.00481138,,59,,预估
西班牙,ios,周,86,0.00475418,,59,,预估
西班牙,ios,周,87,0.00469832,,59,,预估
西班牙,ios,周,88,0.00464374,,59,,预估
西班牙,ios,周,89,0.00459039,,59,,预估
西班牙,ios,周,90,0.00453825,,59,,预估
西班牙,ios,周,91,0.00448727,,59,,预估
西班牙,ios,周,92,0.00443740,,59,,预估
西班牙,ios,周,93,0.00438862,,59,,预估
西班牙,ios,周,94,0.00434089,,59,,预估
西班牙,ios,周,95,0.00429418,,59,,预估
西班牙,ios,周,96,0.00424845,,59,,预估
西班牙,ios,周,97,0.00420367,,59,,预估
西班牙,ios,周,98,0.00415982,,59,,预估
西班牙,ios,周,99,0.00411686,,59,,预估
西班牙,ios,周,100,0.00407477,,59,,预估
西班牙,ios,年,1,0.33286319,1652,4963,503,真实
西班牙,ios,年,2,0.15236686,206,1352,138,真实
西班牙,ios,年,3,0.09646477,,4963,,预估
西班牙,ios,年,4,0.06974535,,4963,,预估
西班牙,ios,年,5,0.05423265,,4963,,预估
西班牙,ios,年,6,0.04415638,,4963,,预估
西班牙,ios,年,7,0.03711240,,4963,,预估
西班牙,ios,年,8,0.03192567,,4963,,预估
西班牙,ios,年,9,0.02795578,,4963,,预估
西班牙,ios,年,10,0.02482479,,4963,,预估
西班牙,ios,年,11,0.02229566,,4963,,预估
西班牙,ios,年,12,0.02021242,,4963,,预估
西班牙,ios,年,13,0.01846835,,4963,,预估
西班牙,ios,年,14,0.01698806,,4963,,预估
西班牙,ios,年,15,0.01571679,,4963,,预估
西班牙,ios,年,16,0.01461385,,4963,,预估
西班牙,ios,年,17,0.01364841,,4963,,预估
西班牙,ios,年,18,0.01279665,,4963,,预估
西班牙,ios,年,19,0.01203994,,4963,,预估
西班牙,ios,年,20,0.01136345,,4963,,预估
西班牙,ios,年,21,0.01075529,,4963,,预估
西班牙,ios,年,22,0.01020575,,4963,,预估
西班牙,ios,年,23,0.00970691,,4963,,预估
西班牙,ios,年,24,0.00925216,,4963,,预估
西班牙,ios,年,25,0.00883600,,4963,,预估
西班牙,ios,年,26,0.00845382,,4963,,预估
西班牙,ios,年,27,0.00810167,,4963,,预估
西班牙,ios,年,28,0.00777622,,4963,,预估
西班牙,ios,年,29,0.00747459,,4963,,预估
西班牙,ios,年,30,0.00719430,,4963,,预估
西班牙,ios,年,31,0.00693321,,4963,,预估
西班牙,ios,年,32,0.00668944,,4963,,预估
西班牙,ios,年,33,0.00646135,,4963,,预估
西班牙,ios,年,34,0.00624751,,4963,,预估
西班牙,ios,年,35,0.00604664,,4963,,预估
西班牙,ios,年,36,0.00585762,,4963,,预估
西班牙,ios,年,37,0.00567945,,4963,,预估
西班牙,ios,年,38,0.00551124,,4963,,预估
西班牙,ios,年,39,0.00535218,,4963,,预估
西班牙,ios,年,40,0.00520158,,4963,,预估
西班牙,ios,年,41,0.00505877,,4963,,预估
西班牙,ios,年,42,0.00492319,,4963,,预估
西班牙,ios,年,43,0.00479431,,4963,,预估
西班牙,ios,年,44,0.00467164,,4963,,预估
西班牙,ios,年,45,0.00455477,,4963,,预估
西班牙,ios,年,46,0.00444330,,4963,,预估
西班牙,ios,年,47,0.00433686,,4963,,预估
西班牙,ios,年,48,0.00423514,,4963,,预估
西班牙,ios,年,49,0.00413783,,4963,,预估
西班牙,ios,年,50,0.00404465,,4963,,预估
西班牙,ios,年,51,0.00395535,,4963,,预估
西班牙,ios,年,52,0.00386970,,4963,,预估
西班牙,ios,年,53,0.00378749,,4963,,预估
西班牙,ios,年,54,0.00370851,,4963,,预估
西班牙,ios,年,55,0.00363258,,4963,,预估
西班牙,ios,年,56,0.00355953,,4963,,预估
西班牙,ios,年,57,0.00348921,,4963,,预估
西班牙,ios,年,58,0.00342146,,4963,,预估
西班牙,ios,年,59,0.00335616,,4963,,预估
西班牙,ios,年,60,0.00329316,,4963,,预估
西班牙,ios,年,61,0.00323236,,4963,,预估
西班牙,ios,年,62,0.00317365,,4963,,预估
西班牙,ios,年,63,0.00311691,,4963,,预估
西班牙,ios,年,64,0.00306206,,4963,,预估
西班牙,ios,年,65,0.00300901,,4963,,预估
西班牙,ios,年,66,0.00295766,,4963,,预估
西班牙,ios,年,67,0.00290794,,4963,,预估
西班牙,ios,年,68,0.00285977,,4963,,预估
西班牙,ios,年,69,0.00281309,,4963,,预估
西班牙,ios,年,70,0.00276783,,4963,,预估
西班牙,ios,年,71,0.00272392,,4963,,预估
西班牙,ios,年,72,0.00268130,,4963,,预估
西班牙,ios,年,73,0.00263993,,4963,,预估
西班牙,ios,年,74,0.00259975,,4963,,预估
西班牙,ios,年,75,0.00256070,,4963,,预估
西班牙,ios,年,76,0.00252275,,4963,,预估
西班牙,ios,年,77,0.00248584,,4963,,预估
西班牙,ios,年,78,0.00244994,,4963,,预估
西班牙,ios,年,79,0.00241501,,4963,,预估
西班牙,ios,年,80,0.00238100,,4963,,预估
西班牙,ios,年,81,0.00234789,,4963,,预估
西班牙,ios,年,82,0.00231563,,4963,,预估
西班牙,ios,年,83,0.00228421,,4963,,预估
西班牙,ios,年,84,0.00225357,,4963,,预估
西班牙,ios,年,85,0.00222370,,4963,,预估
西班牙,ios,年,86,0.00219458,,4963,,预估
西班牙,ios,年,87,0.00216616,,4963,,预估
西班牙,ios,年,88,0.00213843,,4963,,预估
西班牙,ios,年,89,0.00211136,,4963,,预估
西班牙,ios,年,90,0.00208493,,4963,,预估
西班牙,ios,年,91,0.00205912,,4963,,预估
西班牙,ios,年,92,0.00203390,,4963,,预估
西班牙,ios,年,93,0.00200926,,4963,,预估
西班牙,ios,年,94,0.00198518,,4963,,预估
西班牙,ios,年,95,0.00196164,,4963,,预估
西班牙,ios,年,96,0.00193862,,4963,,预估
西班牙,ios,年,97,0.00191610,,4963,,预估
西班牙,ios,年,98,0.00189407,,4963,,预估
西班牙,ios,年,99,0.00187252,,4963,,预估
西班牙,ios,年,100,0.00185142,,4963,,预估
西班牙,ios,月,1,0.53682561,2398,4467,826,真实
西班牙,ios,月,2,0.40331361,1704,4225,795,真实
西班牙,ios,月,3,0.32748827,1326,4049,767,真实
西班牙,ios,月,4,0.27418534,1077,3928,736,真实
西班牙,ios,月,5,0.23548215,884,3754,705,真实
西班牙,ios,月,6,0.20741150,750,3616,675,真实
西班牙,ios,月,7,0.19277457,667,3460,644,真实
西班牙,ios,月,8,0.17439024,572,3280,614,真实
西班牙,ios,月,9,0.16019576,491,3065,584,真实
西班牙,ios,月,10,0.14821429,415,2800,553,真实
西班牙,ios,月,11,0.13297872,350,2632,523,真实
西班牙,ios,月,12,0.12909836,315,2440,493,真实
西班牙,ios,月,13,0.11798246,269,2280,463,真实
西班牙,ios,月,14,0.11032532,234,2121,433,真实
西班牙,ios,月,15,0.09949749,198,1990,406,真实
西班牙,ios,月,16,0.09168443,172,1876,377,真实
西班牙,ios,月,17,0.08163265,144,1764,346,真实
西班牙,ios,月,18,0.07725322,126,1631,318,真实
西班牙,ios,月,19,0.07124011,108,1516,288,真实
西班牙,ios,月,20,0.06701031,91,1358,258,真实
西班牙,ios,月,21,0.05641026,66,1170,227,真实
西班牙,ios,月,22,0.05696203,54,948,196,真实
西班牙,ios,月,23,0.05422446,43,793,166,真实
西班牙,ios,月,24,0.05763240,37,642,135,真实
西班牙,ios,月,25,0.04247104,22,518,105,真实
西班牙,ios,月,26,0.04289544,16,373,75,真实
西班牙,ios,月,27,0.03167421,7,221,47,真实
西班牙,ios,月,28,0.02469136,2,81,17,真实
西班牙,ios,月,29,0.04711328,,4467,,预估
西班牙,ios,月,30,0.04574369,,4467,,预估
西班牙,ios,月,31,0.04445690,,4467,,预估
西班牙,ios,月,32,0.04324546,,4467,,预估
西班牙,ios,月,33,0.04210282,,4467,,预估
西班牙,ios,月,34,0.04102316,,4467,,预估
西班牙,ios,月,35,0.04000129,,4467,,预估
西班牙,ios,月,36,0.03903261,,4467,,预估
西班牙,ios,月,37,0.03811298,,4467,,预估
西班牙,ios,月,38,0.03723868,,4467,,预估
西班牙,ios,月,39,0.03640639,,4467,,预估
西班牙,ios,月,40,0.03561307,,4467,,预估
西班牙,ios,月,41,0.03485599,,4467,,预估
西班牙,ios,月,42,0.03413268,,4467,,预估
西班牙,ios,月,43,0.03344088,,4467,,预估
西班牙,ios,月,44,0.03277853,,4467,,预估
西班牙,ios,月,45,0.03214374,,4467,,预估
西班牙,ios,月,46,0.03153480,,4467,,预估
西班牙,ios,月,47,0.03095012,,4467,,预估
西班牙,ios,月,48,0.03038826,,4467,,预估
西班牙,ios,月,49,0.02984787,,4467,,预估
西班牙,ios,月,50,0.02932771,,4467,,预估
西班牙,ios,月,51,0.02882666,,4467,,预估
西班牙,ios,月,52,0.02834365,,4467,,预估
西班牙,ios,月,53,0.02787770,,4467,,预估
西班牙,ios,月,54,0.02742792,,4467,,预估
西班牙,ios,月,55,0.02699344,,4467,,预估
西班牙,ios,月,56,0.02657349,,4467,,预估
西班牙,ios,月,57,0.02616734,,4467,,预估
西班牙,ios,月,58,0.02577429,,4467,,预估
西班牙,ios,月,59,0.02539372,,4467,,预估
西班牙,ios,月,60,0.02502503,,4467,,预估
西班牙,ios,月,61,0.02466765,,4467,,预估
西班牙,ios,月,62,0.02432106,,4467,,预估
西班牙,ios,月,63,0.02398478,,4467,,预估
西班牙,ios,月,64,0.02365832,,4467,,预估
西班牙,ios,月,65,0.02334128,,4467,,预估
西班牙,ios,月,66,0.02303322,,4467,,预估
西班牙,ios,月,67,0.02273377,,4467,,预估
西班牙,ios,月,68,0.02244257,,4467,,预估
西班牙,ios,月,69,0.02215926,,4467,,预估
西班牙,ios,月,70,0.02188353,,4467,,预估
西班牙,ios,月,71,0.02161507,,4467,,预估
西班牙,ios,月,72,0.02135360,,4467,,预估
西班牙,ios,月,73,0.02109882,,4467,,预估
西班牙,ios,月,74,0.02085049,,4467,,预估
西班牙,ios,月,75,0.02060836,,4467,,预估
西班牙,ios,月,76,0.02037219,,4467,,预估
西班牙,ios,月,77,0.02014176,,4467,,预估
西班牙,ios,月,78,0.01991687,,4467,,预估
西班牙,ios,月,79,0.01969730,,4467,,预估
西班牙,ios,月,80,0.01948286,,4467,,预估
西班牙,ios,月,81,0.01927339,,4467,,预估
西班牙,ios,月,82,0.01906869,,4467,,预估
西班牙,ios,月,83,0.01886861,,4467,,预估
西班牙,ios,月,84,0.01867299,,4467,,预估
西班牙,ios,月,85,0.01848168,,4467,,预估
西班牙,ios,月,86,0.01829452,,4467,,预估
西班牙,ios,月,87,0.01811140,,4467,,预估
西班牙,ios,月,88,0.01793217,,4467,,预估
西班牙,ios,月,89,0.01775671,,4467,,预估
西班牙,ios,月,90,0.01758490,,4467,,预估
西班牙,ios,月,91,0.01741662,,4467,,预估
西班牙,ios,月,92,0.01725176,,4467,,预估
西班牙,ios,月,93,0.01709023,,4467,,预估
西班牙,ios,月,94,0.01693190,,4467,,预估
西班牙,ios,月,95,0.01677670,,4467,,预估
西班牙,ios,月,96,0.01662452,,4467,,预估
西班牙,ios,月,97,0.01647528,,4467,,预估
西班牙,ios,月,98,0.01632889,,4467,,预估
西班牙,ios,月,99,0.01618527,,4467,,预估
西班牙,ios,月,100,0.01604433,,4467,,预估
